512 512
37
156.261215
304.699265
134.59903
306.250259
118.275467
321.705475
96.953705
320.520935
96.953705
320.520935
47.937832
317.797836
13.899033
278.312836
8.452826999999999
210.23523
8.452826999999999
210.23523
4.698649
163.307953
61.731224
95.22051999999999
103.761467
75.44158899999999
103.761467
75.44158899999999
115.660744
69.841919
116.056587
68.20510899999999
141.28923
62.506836
113.377426
294.82164
126.496574
289.255936
133.831848
284.266892
152.201126
281.24556
152.201126
281.24556
152.48201
281.199371
153.344391
281.047943
153.629822
281.002777
166.903442
304.012131
179.99649
345.571991
206.924805
377.405228
265.666809
424.315452
156.261215
304.699265
156.410736
305.253586
156.46521
305.51889
156.560242
305.917129
156.560242
305.917129
163.616135
336.055878
205.895874
403.695831
254.723526
434.891312
156.261215
304.699265
154.899674
300.274231
153.289429
288.491318
153.629822
281.002777
166.903442
304.012131
166.182495
299.591064
165.712082
288.013886
166.733231
280.52536
254.723526
434.891304
259.939758
434.100967
263.247498
431.695793
266.010254
426.448685
270.381378
430.806648
286.720032
445.783722
310.540741
468.249329
352.755279
468.249329
352.755279
468.249329
392.646667
468.249329
411.669495
437.354027
454.871674
445.783722
454.871674
445.783722
469.13736
448.567268
473.933411
448.506824
456.233215
435.572082
456.233215
435.572082
425.695434
413.256035
375.220886
381.790772
336.416656
387.236984
336.416656
387.236984
307.709686
391.266045
278.244537
414.093376
269.019836
423.318115
269.019836
423.318115
268.152588
424.185356
266.517914
424.062714
265.666809
424.315453
265.666809
424.315453
264.118286
424.77533
265.648254
426.011002
266.010254
426.448685
266.010254
426.448685
266.800537
427.404282
268.178528
428.787369
270.381378
430.806648
271.062164
426.721992
291.929504
439.242409
328.390808
430.355614
351.393707
430.806648
351.393707
430.806648
386.113281
431.487427
416.74823
422.637337
456.914002
443.060616
141.28923
62.506836
208.686066
46.168213
241.544586
48.210541
275.827576
48.210541
275.827576
48.210541
301.697083
48.210541
372.497772
53.656769
411.982788
61.82608
411.982788
61.82608
448.080902
69.294678
500.543091
89.04183999999999
505.249115
107.438049
505.249115
107.438049
512.73761
136.711426
429.682953
144.880737
387.474853
144.880737
387.474853
144.880737
360.209778
144.880737
322.088562
140.616577
277.838135
127.681824
277.838135
127.681824
278.053864
127.960846
278.762482
128.891113
278.979431
129.173218
278.979431
129.173218
295.376923
150.496216
313.983154
179.07486
316.163574
208.873657
316.163574
208.873657
320.248199
264.697311
273.797363
312.25386
252.170639
315.074737
252.170639
315.074737
220.854919
319.159393
191.411377
304.012131
166.903442
304.012131
141.28923
62.506836
153.543198
61.485687
194.008102
62.018707
218.131821
71.356934
218.131821
71.356934
243.321091
81.10760500000001
259.32132
103.731293
277.838135
127.681824
153.629822
281.002777
159.246231
280.15181
160.94664
279.334
166.733231
280.52536
166.733231
280.52536
170.648926
280.664383
196.561203
285.445114
211.409164
289.375442
66.829369
195.258148
96.600708
190.004364
102.403465
249.208466
80.44489299999999
256.528
80.44489299999999
256.528
55.936951
264.697311
43.682987
199.342834
66.829369
195.258148
0
0.72549
0.011765
0.058824
0.7554788235294118
0.007151470588235294
0.05651694117647059

1
0.7554788235294118
0.007151470588235294
0.05651694117647059
0.776471
0.003922
0.054902
0.7858826
0.0050983
0.0572549
0.7
1
0.7858826
0.0050983
0.0572549
0.807843
0.007842999999999999
0.062745
0.7562593846153847
0.006938153846153846
0.05822007692307692
0.7000000000000002
0
0.7562593846153847
0.006938153846153846
0.05822007692307692
0.584314
0.003922
0.043137

0
0.345098
0.003922
0.027451
0.309804
0.003922
0.023529

0
0.309804
0.003922
0.023529
0.309804
0.003922
0.023529

0
0
0.333333
0
0
0.333333
0

0
1
1
1
1
1
1

0
1
1
1
1
1
1

0
0.219608
0.439216
0
0.219608
0.439216
0

0
0.541176
0.007842999999999999
0.043137
0.317647
0.003922
0.023529

0
1
1
1
1
1
1

0
1
1
1
1
1
1

0
1
1
1
1
1
1

0
1
1
1
1
1
1

0
1
1
1
1
1
1

0
1
1
1
1
1
1

0
1
1
1
1
1
1

0
1
1
1
1
1
1

0
1
1
1
1
1
1

0
0.219608
0.439216
0
0.219608
0.439216
0

0
0.219608
0.439216
0
0.219608
0.439216
0

0
0.266667
0.266667
0.266667
0.266667
0.266667
0.266667

0
0.266667
0.266667
0.266667
0.266667
0.266667
0.266667

0
0.266667
0.266667
0.266667
0.266667
0.266667
0.266667

0
0.266667
0.266667
0.266667
0.266667
0.266667
0.266667

0
0.266667
0.266667
0.266667
0.266667
0.266667
0.266667

0
0.301961
0
0.019608
0.2270946363636364
0
0.01604254545454546

1
0.2270946363636364
0
0.01604254545454546
0.219608
0
0.015686
0.3607843684210527
0.003715105263157894
0.02683178947368421
0.1000000000000001
0
0.3607843684210527
0.003715105263157894
0.02683178947368421
0.517647
0.007842999999999999
0.039216

0
0.517647
0.007842999999999999
0.039216
0.517647
0.007842999999999999
0.039216

0
0.584314
0.003922
0.043137
0.4431375
0.001961
0.0313725

0
0.4431375
0.001961
0.0313725
0.301961
0
0.019608

0
0.219608
0.439216
0
0
0.333333
0

0
0.294118
0.003922
0.019608
0.278431
0.003922
0.019608

0
1
1
1
1
1
1

0
1
1
1
1
1
1

0
1
1
1
1
1
1

0
1
1
1
1
1
1

0
1
1
1
1
1
1

1
1
1
1
1
1
1
1
1
1
0.5
0
0.509804
0.098039
0.098039
0.509804
0.098039
0.098039

0
0.509804
0.098039
0.098039
0.509804
0.098039
0.098039

0
1
1
1
1
1
1

0
0.219608
0.439216
0
0.219608
0.439216
0

0
0.219608
0.439216
0
0.219608
0.439216
0

0
0.72549
0.011765
0.058824
0.309804
0.003922
0.023529

0
0
0.333333
0
0
0.333333
0

0
0.219608
0.439216
0
0
0.333333
0

1
0.219608
0.439216
0
0.333333
0.666667
0
0.333333
0.6666670000000001
0
0.6
1
0.333333
0.6666670000000001
0
0.333333
0.666667
0
0.3017427222222222
0.6034861666666667
0
0.5
0
0.3017427222222222
0.6034861666666667
0
0.2385621666666667
0.4771245
0

1
0.2385621666666667
0.4771245
0
0.219608
0.439216
0
0.07985745454545456
0.3718359090909091
0
0.2999999999999998
1
0.07985745454545456
0.3718359090909091
0
0
0.333333
0
0.03660133333333331
0.3509801666666667
0
0.4000000000000004
0
0.03660133333333331
0.3509801666666667
0
0.09760355555555554
0.3803921111111111
0

0
0.09760355555555554
0.3803921111111111
0
0.1586057777777778
0.4098040555555555
0

0
0.1586057777777778
0.4098040555555555
0
0.219608
0.439216
0

0
0.333333
0.666667
0
0.333333
0.666667
0

0
0.333333
0.666667
0
0.333333
0.666667
0

0
1
1
1
1
1
1

0
1
1
1
1
1
1

0
1
1
1
1
1
1

0
1
1
1
1
1
1

0
1
1
1
1
1
1

0
0.996078
0.996078
0.996078
0.9973853333333333
0.9973853333333333
0.9973853333333333

0
0.9973853333333333
0.9973853333333333
0.9973853333333333
0.9986926666666667
0.9986926666666667
0.9986926666666667

0
0.9986926666666667
0.9986926666666667
0.9986926666666667
1
1
1

0
1
1
1
1
1
1

0
0.266667
0.266667
0.266667
0.266667
0.266667
0.266667

0
0.266667
0.266667
0.266667
0.266667
0.266667
0.266667

0
0.509804
0.098039
0.098039
0.509804
0.098039
0.098039

0
0.509804
0.098039
0.098039
0.509804
0.098039
0.098039

1
0.776471
0.003922
0.054902
0.509804
0.098039
0.098039
0.5859945714285715
0.07114842857142856
0.08571414285714285
0.6
0
0.5859945714285715
0.07114842857142856
0.08571414285714285
0.776471
0.003922
0.054902

