512 512
151
220
398
253
419
289.0068282161253
428.1897494982111
331
431
331
431
363.6875
433.1875
378.1875
431.6875
402
422
402
422
428.4841568767947
411.2256054700704
441.6875
400.1875
458.5
377.5
458.5
377.5
473.6751110597211
357.0220620272166
482.426725440404
331.9301612125257
489.5
306
489.5
306
487.7265173390548
280.9519508841286
494
262
484.5
230
484.5
230
480.2074076648746
212.8296306594983
477.9904632174257
202.9562086460348
472.5
191.5
472.5
191.5
465.6990277946898
176.4408201412548
450.125
141.375
407
102.5
407
102.5
383.0016615613129
80.86671520454581
369.9777844336434
77.72906034104949
343.5
75
343.5
75
321.8921904987037
74.4532454229772
323.376473451015
76.70073064210061
316
89
316
89
313.5
104
315.9375
95.8125
310.4375
108.5625
466
317
462
336
458
335
459
353
459
353
459.9717680875584
370.4918255760503
447.9015367847358
382.7730980227809
433
395
433
395
408.3316758063781
415.2406762614334
394
418
374
421
374
421
346.8517631113746
425.0722355332938
322.1875
423.0625
295.1875
417.0625
295.1875
417.0625
282.4080280775918
414.2226173505759
251.9375
404.0625
240.9375
400.0625
236.6875
362.6875
222.6344705816535
359.439303920315
209.6875
360.9375
213.5625
367.8125
213.5625
367.8125
222.2095989590272
383.1541271853709
232.0456282577919
382.093651496775
247
388
247
388
254.4375
390.9375
259.7017346873274
391.2060630865166
264.4375
389.6875
432.5
253.5
432.6875
267.0625
439.9740009760899
287.6547055952677
456
287
456
287
470.4908189402453
276.5027003116926
468.9507528255179
235.5709692870763
467
232.5
467
232.5
468.124367761194
227.1491373134328
460.3546992796437
208.8100668267459
452.5
217.5
452.5
217.5
435.0199444780636
225.828901227097
432.3048985440181
239.3876613506419
432.5
253.5
401.5
124.5
405.7155912398489
129.3853041328297
420.6668633426775
152.5713442817097
433
151.5
433
151.5
440.5187758594142
146.0633817745368
412.7987465534657
119.5362987804046
407.5
115.5
407.5
115.5
406.4243227722114
113.5316426567026
388.8477115618635
102.6954231237272
401.5
124.5
288
253
288.2895270641715
276.6714529812858
303.6593138095794
282.5871753925234
327
279
327
279
346.813612305578
273.3489243242428
366.75
256.625
366.25
231.25
294.8125
272.8125
315.8125
270.3125
324.9563074638521
246.7023343817995
330.5
233
330.5
233
337.125
216.625
346.875
219.25
365.875
231.25
285.0625
223.3125
289.8963219403289
236.6055103359045
290.2785614202235
238.9536314786588
287.9375
253
299
204
313.4863210712349
202.885667609905
309.11269873677
203.943650631615
317
200
311.5
161
323.5982509466358
159.7901749053364
329.2802569850153
162.3078659300712
332
175
332
175
333.3434574979435
181.2694683237361
331
188.6666666666667
332
195
249.5661310540642
250.462145797467
250.7115672352802
260.0289180882005
264.6413153108077
258.4593769580385
276
256
276
256
279.5131012427598
254.3358994113243
285.9166666666667
251.375
288.75
247.375
299.125
203.875
303.625
191.875
309
172
311
161.5
249.5
250.5
256.5
246.5
278
232
285.1139276437793
223.4539759972561
192
271
210.187457227354
264.9375142575487
231.3061838562685
258.0830640615992
249
250.5
311
161
314.293203599637
145.7669910009074
315.1875
122.5310089458405
310.1875
108.3125
42.125
397.125
58.125
401.625
66
405.5
95
407.5
95
407.5
139.9930172097086
410.6029667041178
173.8670962599114
410.6122820355687
190
408
190
408
204.730256674917
403.4473693814938
206.3250586609402
405.9699765356239
220.5
398
5
504
25.85534395892029
502.3535254769274
47.66421256353217
485.0383781869829
52.625
463.125
80
339
81.75240789483703
344.2572236845111
94.28287094004025
350.1414354700201
100
353
100
353
116.2075101539315
361.1037550769657
138.1861642299203
362.4687851518442
156
362
156
362
176.0203292704851
361.4731492297241
174.2463102478712
362.4080948760644
188.1875
355.4375
1
352
15.49684400779941
357.4363165029248
51.67009322192735
361.2283970002042
65
352
65
352
70.05349164219928
348.5014288630928
74.33333333333331
344
79
340
77
276
72.16628453671461
297.7517195847843
70.7370962636144
319.6216117799517
80
340
4
240
14
267
49
277
79.5
274
79.5
274
107.4609727632072
272.4615856030661
105.1553968705375
266.8446031294625
122
253.5
188.5625
355.4375
194
369
211.2505387221341
391.4379040416005
220
398
173.9375
320.5625
178.4375
335.0625
180
341
188.5
355.5
173.9375
320.1875
175.9375
309.2798891066764
171.8874865517231
305.8015910775885
174
295.5
174
295.5
183.4884955369649
277.9619469839495
185.700145551354
276.118677224323
191.8125
271.0625
180
271
179.0106980462587
279.8163947600903
158.0351805012222
303.0879512530554
161
312
161
312
165.8262970202237
317.5657425505592
171.45009825862
317.6000218352489
174
320.5
179.9375
270.8125
169.9375
263.3125
175.220294101747
264.1270588023294
169.5
256.5
168
257
169.2296029572429
258.2703970427571
146.1155685888832
260.1171746792917
139
260.5
139
260.5
125.9056053215663
258.7967284821742
111.3495456650019
246.0534267676941
101
232
101
232
88.81946856812544
221.2564325244235
85.54482925380023
204.7302961620715
66.5
193
66.5
193
44.37829079139004
186.3851038540679
51.49632808114114
192.5879047936609
29.5
175
29.5
175
20.619540014526
168.3250781937031
14.07382353720823
161.9261764627918
21.5
155
21.5
155
24.65902223754088
150.3409777624591
28.92267229470775
174.0482521454043
32.5
173.5
32.5
173.5
43.68736166306684
186.4145337816609
33.67382362255472
167.4906512937695
43
170.5
43
170.5
52.51498293077753
173.2553510467063
66.33650975979705
182.023704554572
79.5
186
79.5
186
107.1151307578187
195.8870610203154
115.2801388708981
220.9762360805268
128
243.5
128
243.5
139.6836356065373
256.5621805311135
147.0047788979698
239.4952211020303
147.5
235.5
147.5
235.5
147.1081851067789
235.8918148932211
148.8333333333333
233.8333333333333
157
229.5
157
230
160.37828319601
238.4457079900251
165
248.5
169
257
156.75
229.5
152.9063261660179
211.4439175652394
145.5
186.5
156
186.5
157.25
229.875
162.4449222586101
236.0699222586101
171.2006968127369
245.9744773904473
173
240.5
173
240.5
178.4116967381213
232.691227446409
193.0453547247735
225.7095101559514
196.5
215
196.5
215
204.2883872371515
194.9887736039639
187.375
185.0084269700707
185.375
167.875
156.25
186.25
172.4181174636043
186.25
175.6165056073059
187.9211151872147
183
175
183
175
184.4792005232673
172.4113990842823
183.7916666666667
170.1666666666667
185.125
167.5
310.1875
108.8125
306.6875
94.8125
305.5
85
303
88
303
88
298.0353847191506
86.17846157305019
306.7945926569397
62
289.5
62
250.25
77.75
261.5648520836381
70.90428993030162
271.1470155467066
61.07951909432239
282.5
61.5
282.5
61.5
285.875
61.625
287.9583333333333
62.04166666666669
290.125
61.875
227
116
238.9621685203552
114
247.8511800721238
124.7993256730721
258
121.5
258
121.5
272.8679908202879
116.9325766741212
267.5
107
273.5
92
273.5
92
278.7555389500195
78.86115262495122
251.625
77.625
250.625
77.625
261.375
79
275.2063140025878
76.69478099956871
287.2925184984554
79.76750761701101
300
85
300
85
300.4358974358975
85.17948717948718
301.5416666666667
86.54166666666669
301.875
86.875
227
115.75
232.5411058207843
104.6677883584314
228.0162003004992
102.290500751248
222.5
88.5
222.25
88.25
228.1885450085125
77.37290998297499
235.5101400823141
75.875
250.125
77.875
162.5
149
164.9348300265301
162.7973701503369
184
169.5
178
142.5
178
142.5
170.727648321979
126.6980782343888
161
140.5
162.5
149
182
115
181.7002916096655
118.746354879181
184.5754317073734
126.2093593495721
193
123
193
123
207.0404240545535
117.389362264932
215.9015696599788
108.1004956820985
198
106
198
106
190.4435204103317
101.6137432874731
182.5
108.75
182
115
185.25
167.5
193.25
151.5
211.5
127.5
226.5
116
156
186
155.2818777992891
183.8456333978672
155.75
159.25
150.25
156
216
75
222.5725983343131
80.47716527859421
221.1714334404572
79.33571672022862
225.5
81.5
366.1875
231.125
365.1875
223.625
356.7863943286661
207.8605712360795
349.5
203
349.5
203
344.3677038726171
199.2568597460354
337.2588681802214
196.3459748354856
332.0625
195.3125
285.3125
223.1875
291.2965382800556
217.2034617199444
295.3892907802352
211.6589184395296
299.1875
204.0625
366.1875
231.0625
381.1875
236.0625
396.1289432022064
258.9131176213281
398
277
398
277
399.3661647298407
290.206259055127
391.866598935663
303.3455376698681
384
313
384
313
372.0174202468415
327.7058933334218
362.1875
338.5625
360.1875
355.5625
264.3125
389.6875
281.457333415598
397.6884222606124
297.626350201131
404.6846651999016
317
403
317
403
323.7241114813539
402.4152946537953
332.9375
398.4375
339.9375
391.4375
350.9375
305.8125
356.6376875361399
311.3627813042099
383.9375
322.8125
386
284
386
284
386.6889242752971
271.0356977285002
361.0288056916485
269.8371371517748
353
273
353
273
336.7913997215591
279.3852061702949
336.482445586664
298.584972793332
350.9375
305.8125
236.5757661332772
362.6617686485678
233.1217290214292
354.0230725535731
224.8626495621943
344.77891020152
223
335
223
335
220.4370466642726
321.5444949874314
229.1329055510399
304.6752406275401
241
298
241
298
257.2538387258746
288.8572157166956
281.1258063700984
285.9991936299017
294.3125
272.8125
332.0625
195.3125
325.8322357233149
194.0733997043577
321.6079354406169
197.6189005449262
316.875
200
340.1875
391.4375
346.1787499917814
385.4462500082186
347.5532980624652
382.8934038750696
351
376
351
376
354.2693866227305
369.4612267545391
357.4375
362.3541666666667
360.4375
355.6875
339.7452249079038
391.6284691552197
341.1875
396.4375
343.1875
400.1875
347.9375
400.6875
347.9375
400.6875
365.1771882023739
402.5022040213025
374.8719811730404
395.1883400982635
393
380
393
380
399.9375
374.1875
406.3077157924257
364.1270936442071
397
357.5
397
357.5
389.1875
351.9375
367.9375
354.1875
360.1875
355.6875
339.6875
391.4375
338.2847252524635
374.6042030295626
346.2604622093049
364.9721918604634
360.1875
355.6875
264.4375
389.6875
269.9982639740061
387.9043941351125
262.2013247398401
379.3217016896001
258.5
376
258.5
376
259.7949337017582
367.7688944790545
242.1896920831732
364.7976887043337
236.625
362.625
236.5625
362.6875
244.0625
374.8125
252.5625
382.4375
264.0625
389.4375
149.5
155.75
142.444528729487
172.2127662978637
137.5
185.5
123.5
198
123.5
198
118.8165085222883
202.1816888193855
105.7041900549573
201.7403455803473
114
195
114
195
130
182
139.5
174.5
144
147
144
147
144.0453733747634
146.7227182653345
145.9089092062838
144.7813975268541
146.6929074251789
144.1783111228456
146.6929074251789
144.1783111228456
146.8390196541743
144.0659150782593
146.9476362442307
144
147
144
196
89
208.3042865202416
78.37357073251871
229.6970226168051
65.42381906555943
232
47
232
47
232.8523471865946
40.18122250724321
220.7198445187107
36.94530822938492
219
46.5
219
46.5
216.5552600963629
60.0818883535394
196.8812763205727
76.73922875347893
194
79.5
149.5
156
154.6264129552335
150.8735870447665
156.4530960131365
130.107013519262
162
122
162
122
168.6623650247519
112.2626972715165
187.2485467240138
96.65752161648788
196
89
146.6929074250492
144.1783111291639
141.3254420850681
138.8254420850681
141.1425131386204
124.1058968499097
145
117
145
117
158.9738426359704
91.25871093373871
162.9638817583176
90
188
90
284.125
60.375
308.5385445952519
49.9120523163206
337.3234178490499
29.56610070897205
346.948273403133
4.947612097794263e-09
4
151
15.17913905980123
129.7312914102981
17.05770136801729
118.0681496952114
23
98
23
98
24.75157067828249
90.73363531643668
26.28629599022094
86.82234508876547
31.5
77.25
-9.504352860290055e-10
78.39686754890633
11.4560951864607
75.97045028708617
24.98355263218522
74.96944901336251
31
77
80.29941303382184
32.94620773106385
86.5537264812602
26.69550930115781
95.90695068576666
11.03964430771358
99.4028239433319
-1.081547296166718e-09
194
79.5
184.0356658545088
89.04759076843169
189.6210414734539
86.25248663922588
188.25
90
80
33.125
100.3276237386581
20.92483212498962
107.4312007034725
29.14695216077598
123.5
42
123.5
42
140.8982477646167
53.72994688838281
154.7820614562275
51.44006690046263
175
57
175
57
185
59.75
190.75
69.5
193.5
79.5
31.5
77.25
35.07517317432141
70.6859926623161
43.23842310173001
58.65313165000072
51
51
51
51
59.51785752436871
43.24496630316798
61.875
43
79.875
33.25
100
134
106.8904982821721
116.4628041227869
124.8111073531604
107.2815102924371
129
90
129
90
132.2568534832415
74.6974566284818
125.875
69.875
114.375
69.375
114.375
69.375
100.8222719198504
68.785750953037
97
63.33333333333331
91
62.5
95
42
102.1820939484989
44.5
110.375
61.375
117.875
67.875
135
81
141.8834416879506
75.83741873403699
147.8695154579715
69.52193816811388
150
61
53.125
463.625
70.09485585593983
466.1205670376382
99.52042139057235
488.5452695611848
104.5981713345261
511.9999999998813
41.625
396.625
38.88171928458746
389.0491770139053
20.72868122441844
359.2908527510233
3
360
52.625
463.125
57.24407615950727
442.7210693631675
48.47266394707063
418.0239498345957
41.625
396.625
0
0.8705882352941177
0.807843137254902
0.7058823529411765
0.8705882352941177
0.8066426570628251
0.7030812324929973

0
0.8705882352941177
0.8066426570628251
0.7030812324929973
0.8705882352941177
0.8054421768707483
0.700280112044818

0
0.8705882352941177
0.8054421768707483
0.700280112044818
0.8705882352941178
0.8042416966786715
0.6974789915966387

0
0.8705882352941178
0.8042416966786715
0.6974789915966387
0.8705882352941177
0.8030412164865945
0.6946778711484594

0
0.8705882352941177
0.8030412164865945
0.6946778711484594
0.8705882352941177
0.8018407362945178
0.6918767507002801

0
0.8705882352941177
0.8018407362945178
0.6918767507002801
0.8705882352941177
0.8006402561024409
0.6890756302521008

0
0.8705882352941177
0.8006402561024409
0.6890756302521008
0.8705882352941177
0.7994397759103641
0.6862745098039216

0
0.8705882352941177
0.7994397759103641
0.6862745098039216
0.8705882352941177
0.7982392957182873
0.6834733893557423

0
0.8705882352941177
0.7982392957182873
0.6834733893557423
0.3694117647058823
0.3031372549019608
0.2682352941176471

2
0.3694117647058823
0.3031372549019608
0.2682352941176471
0.8705882352941177
0.796078431372549
0.6784313725490196
0.3843137254901961
0.3137254901960784
0.2588235294117647
0.3137254901960784
0.2470588235294118
0.2196078431372549
0.8000000000000007
0.9000000000000004
0
0.9411764705882353
0.403921568627451
0.1921568627450981
0.9422657952069717
0.3875816993464052
0.1616557734204793

0
0.9422657952069717
0.3875816993464052
0.1616557734204793
0.9433551198257081
0.3712418300653595
0.1311546840958606

0
0.9433551198257081
0.3712418300653595
0.1311546840958606
0.9129411764705883
0.495686274509804
0.3568627450980392

1
0.9129411764705883
0.495686274509804
0.3568627450980392
0.9450980392156862
0.3450980392156863
0.08235294117647059
0.9305322128851541
0.4056022408963585
0.192156862745098
0.6000000000000001
0
0.9305322128851541
0.4056022408963585
0.192156862745098
0.8941176470588236
0.5568627450980392
0.4666666666666667

0
0.8392156862745098
0.3176470588235294
0.2196078431372549
0.9058823529411765
0.5176470588235295
0.5490196078431373

0
0.9058823529411765
0.5176470588235295
0.5490196078431373
0.9176470588235295
0.5235294117647059
0.4823529411764707

1
0.9176470588235295
0.5235294117647059
0.4823529411764707
0.9333333333333333
0.5372549019607843
0.4196078431372549
0.9294117647058824
0.5294117647058824
0.4156862745098039
0.8999999999999999
0
0.8980392156862745
0.2745098039215687
0.04705882352941176
0.8901960784313726
0.2705882352941177
0.03529411764705882

0
0.8901960784313726
0.2705882352941177
0.03529411764705882
0.8823529411764706
0.2666666666666667
0.02352941176470588

0
0.8823529411764706
0.2666666666666667
0.02352941176470588
0.8745098039215686
0.2627450980392158
0.01176470588235294

0
0.8745098039215686
0.2627450980392158
0.01176470588235294
0.8666666666666667
0.2588235294117647
0

1
0.6235294117647059
0.2392156862745098
0.1411764705882353
0.8274509803921568
0.2509803921568627
0.1215686274509804
0.8117647058823529
0.2488413547237077
0.1229946524064171
0.8
1
0.8117647058823529
0.2488413547237077
0.1229946524064171
0.6901960784313725
0.5176470588235295
0.3333333333333333
0.6769607843137255
0.4088235294117648
0.2598039215686274
0.3999999999999999
0
0.6769607843137255
0.4088235294117648
0.2598039215686274
0.6549019607843137
0.2274509803921569
0.1372549019607843

2
0.7607843137254902
0.2470588235294118
0.09019607843137255
0.788235294117647
0.2274509803921569
0.1215686274509804
0.8588235294117647
0.4862745098039216
0.4196078431372549
0.8955882352941176
0.5583333333333333
0.4990196078431373
0.09999999999999998
0.4
2
0.8955882352941176
0.5583333333333333
0.4990196078431373
0.9921568627450981
0.9215686274509803
0.9215686274509803
0.9568627450980393
0.6823529411764706
0.6352941176470588
0.9568627450980393
0.6784313725490196
0.6313725490196078
0.3
0.8
2
0.5215686274509804
0.4156862745098039
0.4509803921568628
0.6509803921568628
0.7019607843137254
0.7333333333333333
0.6431372549019608
0.6705882352941176
0.7333333333333333
0.6711915535444948
0.6805429864253394
0.7333333333333332
0.4
0.7
2
0.6711915535444948
0.6805429864253394
0.7333333333333332
0.615686274509804
0.6235294117647059
0.6745098039215687
0.6039215686274509
0.615686274509804
0.6627450980392157
0.7647058823529411
0.7137254901960784
0.7333333333333333
0.1000000000000001
0.6000000000000001
3
0.6274509803921569
0.4627450980392157
0.3764705882352941
0.984313725490196
0.8745098039215686
0.7215686274509804
1
0.9882352941176471
0.788235294117647
0.9098039215686274
0.7215686274509804
0.4862745098039216
0.7607843137254902
0.2470588235294118
0.09019607843137255
0.09999999999999998
0.3
0.9
0
0.08627450980392157
0.04705882352941176
0.1411764705882353
0.1882352941176471
0.02745098039215686
0.0196078431372549

0
0.8235294117647058
0.3176470588235294
0.09411764705882353
0.8941176470588235
0.5137254901960784
0.2372549019607843

2
0.8941176470588235
0.5137254901960784
0.2372549019607843
0.9647058823529412
0.7098039215686275
0.3803921568627451
0.9647058823529412
0.7098039215686275
0.3803921568627451
0.9647058823529412
0.7098039215686275
0.3803921568627451
0.6000000000000001
0.8999999999999999
0
0.803921568627451
0.196078431372549
0.1764705882352941
0.7823529411764706
0.2215686274509804
0.1333333333333333

2
0.7823529411764706
0.2215686274509804
0.1333333333333333
0.7803921568627451
0.2705882352941176
0.06666666666666667
0.7607843137254902
0.2470588235294118
0.09019607843137255
0.7607843137254902
0.2470588235294118
0.09019607843137255
0.5
0.8
3
0.9607843137254902
0.807843137254902
0.5098039215686274
0.9647058823529412
0.788235294117647
0.5254901960784314
0.9607843137254902
0.8352941176470589
0.5333333333333333
0.9490196078431372
0.5058823529411764
0.2470588235294118
0.8313725490196079
0.3058823529411765
0.07843137254901961
0.09999999999999998
0.2
0.7
3
0.9529411764705882
0.4392156862745098
0.2745098039215687
1
0.7568627450980392
0.5490196078431373
1
0.9490196078431372
0.8274509803921568
0.9607843137254902
0.807843137254902
0.5098039215686274
0.9607843137254902
0.807843137254902
0.5098039215686274
0.09999999999999998
0.8
0.9
2
0.8196078431372549
0.392156862745098
0.4156862745098039
0.796078431372549
0.3647058823529412
0.3607843137254902
0.9137254901960784
0.1607843137254902
0.1019607843137255
0.9529411764705882
0.4392156862745098
0.2745098039215687
0.5
0.9
2
0.4
0.0196078431372549
0
0.592156862745098
0.09803921568627451
0.05098039215686274
0.392156862745098
0.1137254901960784
0.1058823529411765
0.5333333333333333
0.3372549019607843
0.2941176470588235
0.3
0.9
1
0.8588235294117647
0.7803921568627451
0.6823529411764706
0.8588235294117647
0.7803921568627451
0.6823529411764706
0.8644501278772379
0.7793691389599318
0.6731457800511509
0.7
0
0.8644501278772379
0.7793691389599318
0.6731457800511509
0.8832054560954816
0.7759590792838875
0.6424552429667519

0
0.8832054560954816
0.7759590792838875
0.6424552429667519
0.9019607843137255
0.7725490196078432
0.611764705882353

0
0.4941176470588236
0.4313725490196079
0.7725490196078432
0.4941176470588236
0.4313725490196079
0.7725490196078432

0
0.596078431372549
0.6
0.9647058823529412
0.6954248366013072
0.6562091503267974
0.9647058823529412

0
0.6954248366013072
0.6562091503267974
0.9647058823529412
0.7947712418300654
0.7124183006535947
0.9647058823529411

0
0.7947712418300654
0.7124183006535947
0.9647058823529411
0.8941176470588236
0.7686274509803922
0.9647058823529412

0
0.6352941176470588
0.6431372549019608
0.9450980392156862
0.6352941176470588
0.6294117647058823
0.9647058823529411

0
0.6352941176470588
0.6294117647058823
0.9647058823529411
0.6352941176470588
0.615686274509804
0.984313725490196

1
0.4549019607843137
0.4431372549019608
0.803921568627451
0.5686274509803921
0.5647058823529412
0.9215686274509803
0.6274509803921569
0.6274509803921569
0.9803921568627451
0.5
1
0.5058823529411764
0.4901960784313725
0.8588235294117647
0.5176470588235295
0.5490196078431373
0.792156862745098
0.4941176470588236
0.5032679738562092
0.7738562091503268
0.5
1
0.4941176470588236
0.5032679738562092
0.7738562091503268
0.3803921568627451
0.3215686274509804
0.788235294117647
0.4470588235294118
0.4117647058823529
0.7372549019607844
0.1000000000000001
0
0.8509803921568627
0.8
1
0.8509803921568627
0.792156862745098
0.7725490196078432

1
0.5882352941176471
0.4470588235294118
0.8
0.6862745098039216
0.5882352941176471
0.9568627450980393
0.8509803921568627
0.8
1
0.6
0
0.8980392156862745
0.4627450980392157
0.4901960784313725
0.9137254901960784
0.4627450980392157
0.4823529411764706

0
0.9137254901960784
0.4627450980392157
0.4823529411764706
0.8196078431372549
0.392156862745098
0.4156862745098039

0
0.4235294117647059
0.3647058823529412
0.7764705882352941
0.5019607843137255
0.4392156862745098
0.8333333333333333

1
0.5019607843137255
0.4392156862745098
0.8333333333333333
0.615686274509804
0.5411764705882353
0.9019607843137255
0.5803921568627451
0.5137254901960784
0.8901960784313725
0.5
1
0.1333333333333333
0.1294117647058824
0.2627450980392157
0.2392156862745098
0.2509803921568627
0.3803921568627451
0.2117647058823529
0.207843137254902
0.3294117647058823
0.09999999999999998
1
0.4235294117647059
0.3686274509803922
0.6705882352941176
0.8156862745098039
0.8156862745098039
0.8549019607843137
0.7163398692810456
0.711111111111111
0.7745098039215685
0.7
2
0.7163398692810456
0.711111111111111
0.7745098039215685
0.3294117647058823
0.2784313725490196
0.3568627450980392
0.6392156862745098
0.6078431372549019
0.7529411764705882
0.4730392156862745
0.4446078431372549
0.5764705882352941
0.1000000000000001
0.3999999999999999
2
0.4730392156862745
0.4446078431372549
0.5764705882352941
0.2196078431372549
0.1882352941176471
0.3725490196078431
0.9137254901960784
0.8509803921568627
0.8549019607843137
0.196078431372549
0.1725490196078431
0.2823529411764706
0.5
0.7999999999999998
3
0.196078431372549
0.1725490196078431
0.2823529411764706
0.5333333333333333
0.4823529411764706
0.5529411764705883
0.2470588235294118
0.2
0.2941176470588235
0.6352941176470588
0.5647058823529412
0.7294117647058823
0.6370766488413547
0.5679144385026738
0.7304812834224599
0.2999999999999998
0.7999999999999998
0.8999999999999999
1
0.6370766488413547
0.5679144385026738
0.7304812834224599
0.1411764705882353
0.08235294117647059
0.2352941176470588
0.6549019607843137
0.6
0.7411764705882353
0.5
1
0.6549019607843137
0.6
0.7411764705882353
0.1450980392156863
0.1254901960784314
0.2862745098039216
0.2758169934640523
0.2483660130718954
0.3764705882352941
0.5
3
0.2758169934640523
0.2483660130718954
0.3764705882352941
0.5294117647058824
0.4549019607843137
0.7058823529411765
0.1490196078431373
0.09411764705882353
0.2352941176470588
0.5529411764705883
0.5019607843137255
0.611764705882353
0.5372549019607843
0.4941176470588236
0.5568627450980392
0.2000000000000002
0.2999999999999998
0.5
3
0.5372549019607843
0.4941176470588236
0.5568627450980392
0.196078431372549
0.1647058823529412
0.2588235294117647
0.9058823529411765
0.8823529411764706
0.984313725490196
0.9176470588235294
0.9058823529411765
0.9411764705882353
0.4549019607843137
0.3607843137254902
0.5568627450980392
0.09999999999999964
0.2999999999999998
0.7999999999999998
1
0.4549019607843137
0.3607843137254902
0.5568627450980392
0.4980392156862745
0.4941176470588236
0.5254901960784314
0.4866310160427808
0.4894830659536543
0.518716577540107
0.8000000000000007
2
0.4866310160427808
0.4894830659536543
0.518716577540107
0.07450980392156863
0.0392156862745098
0.2156862745098039
0.4196078431372549
0.3490196078431372
0.4352941176470588
0.403921568627451
0.3803921568627451
0.4405228758169935
0.1999999999999993
0.5
0
0.403921568627451
0.3803921568627451
0.4405228758169935
0.3725490196078431
0.4431372549019608
0.4509803921568628

3
0.2901960784313726
0.3019607843137255
0.5098039215686274
0.1411764705882353
0.1372549019607843
0.1686274509803922
0.8745098039215686
0.8274509803921568
0.8666666666666667
0.4274509803921568
0.396078431372549
0.4549019607843137
0.5019607843137255
0.4549019607843137
0.6980392156862745
0.4
0.8
0.9
1
0.8196078431372549
0.8274509803921568
0.7372549019607844
0.792156862745098
0.8156862745098039
0.7607843137254902
0.788235294117647
0.7647058823529411
0.7098039215686275
0.3
1
0.2117647058823529
0.2313725490196079
0.3803921568627451
0.09411764705882353
0.1254901960784314
0.1764705882352941
0.1006535947712418
0.1137254901960784
0.1633986928104575
0.4
1
0.1006535947712418
0.1137254901960784
0.1633986928104575
0.3411764705882353
0.3764705882352941
0.4431372549019608
0.2668973471741638
0.2682814302191465
0.3236447520184544
0.3
2
0.2668973471741638
0.2682814302191465
0.3236447520184544
0.1137254901960784
0.09019607843137255
0.1372549019607843
0.3058823529411765
0.2549019607843137
0.2823529411764706
0.1607843137254902
0.1137254901960784
0.1529411764705882
0.2000000000000002
0.7999999999999998
1
0.7607843137254902
0.7333333333333333
0.6941176470588235
0.8431372549019608
0.8196078431372549
0.7254901960784313
0.6862745098039216
0.6481792717086834
0.573109243697479
0.6
1
0.6862745098039216
0.6481792717086834
0.573109243697479
0.8313725490196079
0.8235294117647058
0.7215686274509804
0.2941176470588235
0.2196078431372549
0.1921568627450981
0.1000000000000001
1
0.6901960784313725
0.5333333333333333
0.5019607843137255
0.8313725490196079
0.8
0.6470588235294118
0.1137254901960784
0.1019607843137255
0.08235294117647059
0.9
2
0.1137254901960784
0.1019607843137255
0.08235294117647059
0.8823529411764706
0.8313725490196079
0.6980392156862745
0.8352941176470589
0.788235294117647
0.6392156862745098
0.8196078431372549
0.7372549019607844
0.6235294117647059
0.1000000000000001
0.5
3
0.09803921568627451
0.09803921568627451
0.1019607843137255
0.05882352941176471
0.05098039215686274
0.07058823529411765
0.04705882352941176
0.02745098039215686
0.04313725490196078
0.05882352941176471
0.04705882352941176
0.05882352941176471
0.05882352941176471
0.04705882352941176
0.05882352941176471
0.09999999999999998
0.7
0.9
0
0.05882352941176471
0.04705882352941176
0.05882352941176471
0.05882352941176471
0.04705882352941176
0.05882352941176471

0
0.06274509803921569
0.0392156862745098
0.05490196078431372
0.07647058823529412
0.06274509803921569
0.08235294117647059

0
0.07647058823529412
0.06274509803921569
0.08235294117647059
0.09019607843137255
0.08627450980392157
0.1098039215686274

4
0.09019607843137255
0.08627450980392157
0.1098039215686274
0.09803921568627451
0.09803921568627451
0.1019607843137255
0.5333333333333333
0.5568627450980392
0.4235294117647059
0.5333333333333333
0.5568627450980392
0.4235294117647059
0.09803921568627451
0.09803921568627451
0.1019607843137255
0.07450980392156863
0.07058823529411765
0.09411764705882353
0.8999999999999999
0.1000000000000001
0.3999999999999999
0.6000000000000001
1
0.09803921568627451
0.09803921568627451
0.1019607843137255
0.06274509803921569
0.06666666666666667
0.04705882352941176
0.06274509803921569
0.0629514963880289
0.06749226006191951
0.09999999999999998
0
0.06274509803921569
0.0629514963880289
0.06749226006191951
0.06274509803921569
0.05882352941176471
0.09019607843137255

2
0.196078431372549
0.1490196078431373
0.1019607843137255
0.7019607843137254
0.6078431372549019
0.4196078431372549
0.5215686274509804
0.4901960784313725
0.3372549019607843
0.6588235294117647
0.6431372549019608
0.5450980392156862
0.09999999999999998
0.8
1
0.7176470588235294
0.6862745098039216
0.4980392156862745
0.7176470588235294
0.6862745098039216
0.4980392156862745
0.7176470588235294
0.6862745098039216
0.4980392156862745
0.09999999999999998
2
0.07450980392156863
0.05882352941176471
0.09411764705882353
0.07450980392156863
0.05882352941176471
0.09411764705882353
0.07058823529411765
0.04705882352941176
0.09411764705882353
0.07094474153297683
0.04812834224598931
0.09411764705882353
0.5
0.9
0
0.07094474153297683
0.04812834224598931
0.09411764705882353
0.07450980392156863
0.05882352941176471
0.09411764705882353

0
0.04313725490196078
0.0392156862745098
0.06274509803921569
0.05098039215686274
0.05098039215686274
0.08235294117647059

5
0.05098039215686274
0.05098039215686274
0.08235294117647059
0.07450980392156863
0.05882352941176471
0.09411764705882353
0.03137254901960784
0.0392156862745098
0.03529411764705882
0.05490196078431372
0.05882352941176471
0.06666666666666667
0.07450980392156863
0.05882352941176471
0.09411764705882353
0.07450980392156863
0.06274509803921569
0.09803921568627451
0.07450980392156863
0.06274509803921569
0.09803921568627451
0.1000000000000001
0.2
0.3
0.3999999999999999
0.8
1
0.07450980392156863
0.06274509803921569
0.09803921568627451
0.07450980392156863
0.06274509803921569
0.09803921568627451
0.07450980392156863
0.06274509803921569
0.09803921568627451
0.7999999999999998
1
0.1921568627450981
0.1647058823529412
0.1921568627450981
0.06274509803921569
0.06274509803921569
0.1098039215686274
0.06274509803921569
0.0392156862745098
0.04705882352941176
0.2
3
0.09411764705882353
0.07843137254901961
0.1215686274509804
0.09411764705882353
0.07843137254901961
0.1215686274509804
0.09411764705882353
0.07843137254901961
0.1215686274509804
0.09411764705882353
0.07843137254901961
0.1215686274509804
0.09411764705882353
0.07843137254901961
0.1215686274509804
0.2
0.4
0.6
2
0.08627450980392157
0.07450980392156863
0.1411764705882353
0.09411764705882353
0.08235294117647059
0.1490196078431373
0.1411764705882353
0.1333333333333333
0.1764705882352941
0.4196078431372549
0.4117647058823529
0.3647058823529412
0.8
0.9
1
0.9568627450980393
0.6784313725490196
0.6313725490196078
0.8117647058823529
0.2941176470588235
0.1411764705882353
0.778328173374613
0.3052631578947368
0.1486068111455108
0.09999999999999998
2
0.778328173374613
0.3052631578947368
0.1486068111455108
0.7411764705882353
0.3176470588235294
0.1568627450980392
0.7411764705882353
0.3176470588235294
0.1568627450980392
0.7411764705882353
0.3176470588235294
0.1568627450980392
0.6000000000000001
0.8999999999999999
1
0.3019607843137255
0.1490196078431373
0.1294117647058824
0.05882352941176471
0.03137254901960784
0.1019607843137255
0.1098039215686274
0.05098039215686274
0.07058823529411765
0.2
1
0.9568627450980393
0.6823529411764706
0.6352941176470588
0.8941176470588236
0.4627450980392157
0.3254901960784314
0.907563025210084
0.5400560224089636
0.4240896358543417
0.6
0
0.907563025210084
0.5400560224089636
0.4240896358543417
0.9411764705882353
0.7333333333333333
0.6705882352941176

0
0.9411764705882353
0.7333333333333333
0.6705882352941176
0.9058823529411765
0.5215686274509804
0.4235294117647059

0
0.9764705882352941
0.4745098039215686
0.3215686274509804
0.9549019607843137
0.4176470588235294
0.2235294117647059

0
0.9549019607843137
0.4176470588235294
0.2235294117647059
0.9333333333333333
0.3607843137254902
0.1254901960784314

0
0.996078431372549
0.8588235294117647
0.8352941176470589
0.9921568627450981
0.8562091503267975
0.8287581699346407

0
0.9921568627450981
0.8562091503267975
0.8287581699346407
0.988235294117647
0.8535947712418301
0.8222222222222222

0
0.988235294117647
0.8535947712418301
0.8222222222222222
0.984313725490196
0.8509803921568627
0.8156862745098039

0
0.7725490196078432
0.4235294117647059
0.3607843137254902
0.8212305611899933
0.4329952670723462
0.3567275185936444

0
0.8212305611899933
0.4329952670723462
0.3567275185936444
0.7150326797385621
0.4313725490196079
0.4104575163398693

1
0.7150326797385621
0.4313725490196079
0.4104575163398693
0.9137254901960784
0.4509803921568628
0.3490196078431372
0.6862745098039216
0.4352941176470588
0.4352941176470588
0.8999999999999999
0
0.9882352941176471
0.7529411764705882
0.403921568627451
0.9882352941176471
0.7568627450980392
0.403921568627451

0
0.4352941176470588
0.4745098039215686
0.5647058823529412
0.3960784313725491
0.4137254901960784
0.4941176470588236

0
0.3960784313725491
0.4137254901960784
0.4941176470588236
0.3568627450980392
0.3529411764705883
0.4235294117647059

0
0.8823529411764706
0.4745098039215686
0.3647058823529412
0.8823529411764706
0.4156862745098039
0.2470588235294118

1
0.8823529411764706
0.4156862745098039
0.2470588235294118
0.8823529411764706
0.4156862745098039
0.2470588235294118
0.8823529411764706
0.4156862745098039
0.2470588235294118
0.6000000000000001
0
0.8823529411764706
0.4156862745098039
0.2470588235294118
0.8823529411764706
0.4215686274509804
0.2588235294117647

1
0.8823529411764706
0.4215686274509804
0.2588235294117647
0.8823529411764706
0.4156862745098039
0.2470588235294118
0.8823529411764706
0.4274509803921568
0.2705882352941176
0.3999999999999999
0
0.4745098039215686
0.5098039215686274
0.6039215686274509
0.4745098039215686
0.5098039215686274
0.6039215686274509

0
0.9294117647058824
0.5294117647058824
0.4156862745098039
0.8941176470588235
0.4745098039215686
0.403921568627451

0
0.8941176470588235
0.4745098039215686
0.403921568627451
0.8588235294117647
0.4196078431372549
0.392156862745098

0
0.3450980392156863
0.1607843137254902
0.3686274509803922
0.2862745098039216
0.1333333333333333
0.196078431372549

0
0.4666666666666667
0.3568627450980392
0.403921568627451
0.5280477408354647
0.4131287297527707
0.5147485080988917

2
0.5280477408354647
0.4131287297527707
0.5147485080988917
0.6039215686274509
0.4627450980392157
0.5019607843137255
0.403921568627451
0.2823529411764706
0.4156862745098039
0.3430219146482122
0.243598615916955
0.3700115340253748
0.1000000000000001
0.3999999999999999
4
0.3430219146482122
0.243598615916955
0.3700115340253748
0.6078431372549019
0.4862745098039216
0.6588235294117647
0.4117647058823529
0.2666666666666667
0.4392156862745098
0.4156862745098039
0.3058823529411765
0.4941176470588236
0.6235294117647059
0.4941176470588236
0.5294117647058824
0.6142602495543672
0.4894830659536543
0.5304812834224599
0.2999999999999998
0.6000000000000001
0.7999999999999998
0.8999999999999999
3
0.6142602495543672
0.4894830659536543
0.5304812834224599
0.2313725490196079
0.1725490196078431
0.2862745098039216
0.5215686274509804
0.4431372549019608
0.5411764705882353
0.6862745098039216
0.6352941176470588
0.807843137254902
0.5646917204374482
0.4934475300528398
0.6109948116139451
0.1186368062418948
0.2372736124837897
0.4745472249675788
0
0.5646917204374482
0.4934475300528398
0.6109948116139451
0.5215686274509804
0.4431372549019608
0.5411764705882353

1
0.1176470588235294
0.1019607843137255
0.1607843137254902
0.05098039215686274
0.05490196078431372
0.1372549019607843
0.08540305010893245
0.08366013071895424
0.1877995642701525
0.8
3
0.08540305010893245
0.08366013071895424
0.1877995642701525
0.06666666666666667
0.06666666666666667
0.1450980392156863
0.06666666666666667
0.06666666666666667
0.1450980392156863
0.196078431372549
0.196078431372549
0.2431372549019608
0.1734539969834087
0.1698340874811463
0.228657616892911
0.1000000000000001
0.3999999999999999
0.7
3
0.1734539969834087
0.1698340874811463
0.228657616892911
0.3607843137254902
0.3137254901960784
0.592156862745098
0.09803921568627451
0.08235294117647059
0.1803921568627451
0.09803921568627451
0.08235294117647059
0.1803921568627451
0.09803921568627451
0.08235294117647059
0.1803921568627451
0.6000000000000001
0.7000000000000002
0.8999999999999999
1
0.07450980392156863
0.06274509803921569
0.09803921568627451
0.1019607843137255
0.09411764705882353
0.1372549019607843
0.09847494553376906
0.08888888888888889
0.1389978213507626
0.2
3
0.09847494553376906
0.08888888888888889
0.1389978213507626
0.04313725490196078
0.03529411764705882
0.08627450980392157
0.07450980392156863
0.06274509803921569
0.09803921568627451
0.05882352941176471
0.05490196078431372
0.08627450980392157
0.09411764705882353
0.08235294117647059
0.1411764705882353
0.2
0.3999999999999999
0.5
1
0.6784313725490196
0.6823529411764706
0.792156862745098
0.1490196078431373
0.1411764705882353
0.2862745098039216
0.1660130718954249
0.1555555555555556
0.2535947712418301
0.5
1
0.1660130718954249
0.1555555555555556
0.2535947712418301
0.07058823529411765
0.07058823529411765
0.1098039215686274
0.2
0.1843137254901961
0.1882352941176471
0.2
1
0.8196078431372549
0.7372549019607844
0.6235294117647059
0.8196078431372549
0.7372549019607844
0.6235294117647059
0.8196078431372549
0.7372549019607844
0.6235294117647059
0.1146904329715627
1
0.3843137254901961
0.3490196078431372
0.7058823529411765
0.4431372549019608
0.4117647058823529
0.7490196078431373
0.4374331550802139
0.4067736185383244
0.7415329768270945
0.9
0
0.4374331550802139
0.4067736185383244
0.7415329768270945
0.3803921568627451
0.3568627450980392
0.6666666666666666

1
0.06840241944757526
0.06538097695139188
0.2396657493401436
0.07058823529411765
0.05882352941176471
0.2352941176470588
0.3058823529411765
0.2745098039215687
0.4980392156862745
0.8337889556967558
0
0.1686274509803922
0.1490196078431373
0.3764705882352941
0.07798534311762195
0.08751246322197176
0.2146096813374902

0
0.3607843137254902
0.3098039215686275
0.592156862745098
0.3607843137254902
0.3137254901960784
0.592156862745098

1
0.3098039215686275
0.2980392156862745
0.5450980392156862
0.1411764705882353
0.1450980392156863
0.3333333333333333
0.1544757033248082
0.1537936913895993
0.3374254049445865
0.7
5
0.1544757033248082
0.1537936913895993
0.3374254049445865
0.1803921568627451
0.1803921568627451
0.3764705882352941
0.1803921568627451
0.1803921568627451
0.3764705882352941
0.1803921568627451
0.1803921568627451
0.3764705882352941
0.1803921568627451
0.1803921568627451
0.3764705882352941
0.1803921568627451
0.1803921568627451
0.3764705882352941
0.1908496732026144
0.1856209150326797
0.3745098039215686
0.2
0.3
0.3999999999999999
0.6000000000000001
0.8
0
0.1908496732026144
0.1856209150326797
0.3745098039215686
0.2431372549019608
0.2117647058823529
0.3647058823529412

0
0.3803921568627451
0.3568627450980392
0.6666666666666666
0.3450980392156863
0.3274509803921569
0.6058823529411764

0
0.3450980392156863
0.3274509803921569
0.6058823529411764
0.3098039215686275
0.2980392156862745
0.5450980392156862

2
0.6
0.5686274509803921
0.8941176470588236
0.5490196078431373
0.5490196078431373
0.8235294117647058
0.3450980392156863
0.3254901960784314
0.4784313725490196
0.2352941176470588
0.196078431372549
0.3294117647058823
0.3
0.6
0
0.2352941176470588
0.196078431372549
0.3294117647058823
0.2823529411764706
0.2784313725490196
0.4156862745098039

0
0.2823529411764706
0.2784313725490196
0.4156862745098039
0.3294117647058823
0.3607843137254902
0.5019607843137255

2
0.2235294117647059
0.2235294117647059
0.4196078431372549
0.3294117647058823
0.3372549019607843
0.4901960784313725
0.2862745098039216
0.2980392156862745
0.4392156862745098
0.2
0.2235294117647059
0.3176470588235294
0.5
0.8
0
0.1843137254901961
0.1725490196078431
0.2862745098039216
0.1215686274509804
0.1176470588235294
0.2901960784313726

0
0.4274509803921568
0.3647058823529412
0.7137254901960784
0.5409748142611891
0.4782297162219735
0.8272493240651106

0
0.5882352941176471
0.5882352941176471
0.9372549019607843
0.6588235294117647
0.6745098039215687
0.9647058823529412

0
0.8588235294117647
0.792156862745098
0.6549019607843137
0.8588235294117647
0.7803921568627451
0.6823529411764706

0
0.7725490196078432
0.5137254901960784
0.4274509803921568
0.8659197012138189
0.6183006535947713
0.4760037348272642

0
0.8659197012138189
0.6183006535947713
0.4760037348272642
0.779572724612233
0.5242610477026631
0.4040386303775241

1
0.779572724612233
0.5242610477026631
0.4040386303775241
0.9686274509803922
0.7333333333333333
0.5294117647058824
0.9348678601875533
0.6972719522591646
0.4941176470588236
0.1000000000000001
0
0.9348678601875533
0.6972719522591646
0.4941176470588236
0.8973572037510655
0.6572037510656435
0.4549019607843137

0
0.8973572037510655
0.6572037510656435
0.4549019607843137
0.859846547314578
0.6171355498721227
0.4156862745098039

0
0.859846547314578
0.6171355498721227
0.4156862745098039
0.6290980392156862
0.3326274509803921
0.1868235294117647

1
0.6290980392156862
0.3326274509803921
0.1868235294117647
0.796078431372549
0.5490196078431373
0.3490196078431372
0.7372549019607844
0.5054209919261823
0.3199538638985006
0.7000000000000002
1
0.7372549019607844
0.5054209919261823
0.3199538638985006
0.5333333333333333
0.2196078431372549
0.09019607843137255
0.4846517917511832
0.1721433400946585
0.07680865449628127
0.09999999999999964
1
0.4846517917511832
0.1721433400946585
0.07680865449628127
0.4627450980392157
0.3019607843137255
0.1843137254901961
0.4303921568627452
0.2137254901960785
0.132843137254902
0.4000000000000004
0
0.4303921568627452
0.2137254901960785
0.132843137254902
0.3764705882352941
0.06666666666666667
0.04705882352941176

0
0.9529411764705882
0.4862745098039216
0.2666666666666667
0.9703703703703703
0.5719680464778504
0.3770515613652868

0
0.9703703703703703
0.5719680464778504
0.3770515613652868
0.9483275663206459
0.5116493656286043
0.3104959630911188

1
0.9483275663206459
0.5116493656286043
0.3104959630911188
1
0.7176470588235294
0.5647058823529412
0.972378516624041
0.70230179028133
0.5488491048593351
0.7000000000000002
2
0.972378516624041
0.70230179028133
0.5488491048593351
0.9450980392156862
0.5294117647058824
0.3411764705882353
0.9607843137254902
0.6941176470588235
0.5019607843137255
0.9209653092006034
0.6723981900452489
0.4883861236802414
0.3999999999999999
0.7000000000000002
0
0.9209653092006034
0.6723981900452489
0.4883861236802414
0.788235294117647
0.6
0.4431372549019608

0
0.3176470588235294
0.1725490196078431
0.3019607843137255
0.3333333333333333
0.1568627450980392
0.3725490196078431

0
0.3333333333333333
0.1568627450980392
0.3725490196078431
0.3098039215686275
0.1450980392156863
0.2843137254901961

2
0.3098039215686275
0.1450980392156863
0.2843137254901961
0.2862745098039216
0.1333333333333333
0.196078431372549
0.2862745098039216
0.1333333333333333
0.196078431372549
0.2862745098039216
0.1333333333333333
0.196078431372549
0.2000000000000002
0.5
1
0.2784313725490196
0.09411764705882353
0.03137254901960784
0.1647058823529412
0.07058823529411765
0.1647058823529412
0.1890756302521008
0.1025210084033613
0.1571428571428571
0.7
0
0.1890756302521008
0.1025210084033613
0.1571428571428571
0.2064171122994652
0.08294711824123588
0.1152703505644682

1
0.2064171122994652
0.08294711824123588
0.1152703505644682
0.2784313725490196
0.2196078431372549
0.1294117647058824
0.2747162022703818
0.1638802889576884
0.08668730650154802
0.1000000000000001
0
0.2747162022703818
0.1638802889576884
0.08668730650154802
0.2705882352941176
0.1019607843137255
0.0392156862745098

1
0.3333333333333333
0.203921568627451
0.1450980392156863
0.4196078431372549
0.2196078431372549
0.1137254901960784
0.6823529411764706
0.3529411764705883
0.207843137254902
0.8
1
0.6823529411764706
0.3529411764705883
0.207843137254902
0.4196078431372549
0.3411764705882353
0.2470588235294118
0.3843137254901961
0.3014705882352942
0.2191176470588235
0.3999999999999999
0
0.3843137254901961
0.3014705882352942
0.2191176470588235
0.3254901960784314
0.2352941176470588
0.1725490196078431

0
0.1254901960784314
0.07843137254901961
0.08627450980392157
0.8
0.8274509803921568
0.8588235294117647

2
0.8
0.8274509803921568
0.8588235294117647
0.8549019607843137
0.8666666666666667
0.8941176470588236
0.788235294117647
0.6901960784313725
0.7019607843137254
0.7803921568627451
0.6941176470588235
0.7058823529411765
0.3
0.8
3
0.2666666666666667
0.2627450980392157
0.3254901960784314
0.2392156862745098
0.2509803921568627
0.3254901960784314
0.196078431372549
0.203921568627451
0.2509803921568627
0.207843137254902
0.2156862745098039
0.2627450980392157
0.2287581699346405
0.2241830065359477
0.2620915032679739
0.3
0.7
0.8
1
0.2287581699346405
0.2241830065359477
0.2620915032679739
0.1333333333333333
0.1294117647058824
0.1921568627450981
0.3333333333333333
0.2666666666666667
0.2588235294117647
0.2
0
0.1490196078431373
0.08235294117647059
0.1450980392156863
0.1254901960784314
0.07843137254901961
0.08627450980392157

2
0.2705882352941176
0.2117647058823529
0.1921568627450981
0.9215686274509803
0.7294117647058823
0.5098039215686274
1
0.8352941176470589
0.5294117647058824
0.9882352941176471
0.7568627450980392
0.403921568627451
0.09999999999999998
0.2
0
0.3764705882352941
0.07058823529411765
0.06274509803921569
0.5156862745098039
0.1352941176470588
0.05686274509803921

1
0.5156862745098039
0.1352941176470588
0.05686274509803921
0.7529411764705882
0.2431372549019608
0.04705882352941176
0.6549019607843137
0.2
0.05098039215686274
0.3999999999999999
1
0.996078431372549
0.6509803921568628
0.4941176470588236
0.9411764705882353
0.7686274509803922
0.5411764705882353
0.8980392156862745
0.6862745098039216
0.4431372549019608
0.9
0
0.8980392156862745
0.6862745098039216
0.4431372549019608
0.9764705882352941
0.8470588235294118
0.6352941176470588

2
0.7137254901960784
0.6980392156862745
0.6862745098039216
0.4823529411764706
0.4235294117647059
0.4352941176470588
0.1450980392156863
0.1058823529411765
0.1411764705882353
0.08235294117647059
0.07450980392156863
0.09411764705882353
0.3
0.6
1
0.4235294117647059
0.4156862745098039
0.4666666666666667
0.8156862745098039
0.796078431372549
0.7725490196078432
0.7137254901960784
0.6980392156862745
0.6862745098039216
0.7
1
0.1607843137254902
0.1490196078431373
0.2313725490196079
0.3450980392156863
0.3490196078431372
0.4196078431372549
0.403921568627451
0.4274509803921568
0.4901960784313725
0.2
0
0.09411764705882353
0.04313725490196078
0.07843137254901961
0.1294117647058824
0.1215686274509804
0.1333333333333333

0
0.611764705882353
0.611764705882353
0.9372549019607843
0.6985994397759103
0.6831932773109244
0.8896358543417366

0
0.6985994397759103
0.6831932773109244
0.8896358543417366
0.7137254901960784
0.5098039215686274
0.5660130718954248

1
0.7137254901960784
0.5098039215686274
0.5660130718954248
0.8549019607843137
0.8117647058823529
0.803921568627451
0.7647058823529411
0.4588235294117647
0.3803921568627451
0.7999999999999998
0
0.8
0.7686274509803922
0.9137254901960784
0.7372549019607844
0.7098039215686275
0.9019607843137255

0
0.5450980392156862
0.5254901960784314
0.9254901960784314
0.6313725490196078
0.5777777777777778
0.9490196078431374

0
0.6313725490196078
0.5777777777777778
0.9490196078431374
0.7176470588235294
0.6300653594771242
0.9725490196078432

0
0.7176470588235294
0.6300653594771242
0.9725490196078432
0.803921568627451
0.6823529411764706
0.996078431372549

0
0.5803921568627451
0.5686274509803921
0.9176470588235294
0.5745098039215686
0.5705882352941176
0.9274509803921569

0
0.5745098039215686
0.5705882352941176
0.9274509803921569
0.5686274509803921
0.5725490196078431
0.9372549019607843

0
0.407843137254902
0.3607843137254902
0.8
0.5450980392156862
0.5254901960784314
0.9254901960784314

0
0.5725490196078431
0.5607843137254902
0.9176470588235294
0.6607843137254902
0.6294117647058823
0.9431372549019608

1
0.6607843137254902
0.6294117647058823
0.9431372549019608
0.5019607843137255
0.4235294117647059
0.9137254901960784
0.7490196078431373
0.6980392156862745
0.9686274509803922
0.8999999999999999
1
0.9058823529411765
0.4862745098039216
0.5254901960784314
0.9764705882352941
0.5411764705882353
0.5764705882352941
0.803921568627451
0.4627450980392157
0.4745098039215686
0.2
1
0.9058823529411765
0.4666666666666667
0.5215686274509804
0.9411764705882353
0.4862745098039216
0.4980392156862745
0.9647058823529412
0.4823529411764706
0.5019607843137255
0.2
4
0.4470588235294118
0.3803921568627451
0.5058823529411764
0.203921568627451
0.1372549019607843
0.1607843137254902
0.2196078431372549
0.1490196078431373
0.2392156862745098
0.2980392156862745
0.2117647058823529
0.2941176470588235
0.203921568627451
0.1333333333333333
0.2274509803921569
0.2
0.1326797385620915
0.2241830065359477
0.09999999999999998
0.3
0.5
0.8
0
0.2
0.1326797385620915
0.2241830065359477
0.1803921568627451
0.1294117647058824
0.207843137254902

1
0.1803921568627451
0.1490196078431373
0.3411764705882353
0.2196078431372549
0.2313725490196079
0.3058823529411765
0.3019607843137255
0.2648567119155354
0.330316742081448
0.7
2
0.3019607843137255
0.2648567119155354
0.330316742081448
0.207843137254902
0.1450980392156863
0.196078431372549
0.203921568627451
0.1372549019607843
0.1607843137254902
0.5764705882352941
0.3764705882352941
0.4117647058823529
0.6000000000000001
0.8
1
0.2980392156862745
0.2705882352941176
0.5764705882352941
0.4117647058823529
0.3490196078431372
0.7764705882352941
0.3764705882352941
0.3294117647058823
0.5882352941176471
0.09999999999999998
1
0.1921568627450981
0.1803921568627451
0.3019607843137255
0.407843137254902
0.3450980392156863
0.7333333333333333
0.558226768968457
0.5000852514919012
0.8376811594202899
0.09999999999999998
1
0.558226768968457
0.5000852514919012
0.8376811594202899
0.4313725490196079
0.3764705882352941
0.8117647058823529
0.4565826330532213
0.4100840336134454
0.8310924369747898
0.3999999999999999
1
0.4565826330532213
0.4100840336134454
0.8310924369747898
0.792156862745098
0.7411764705882353
1
0.7111111111111111
0.6718954248366014
0.9673202614379086
0.3999999999999999
0
0.7111111111111111
0.6718954248366014
0.9673202614379086
0.6111613876319759
0.5722473604826546
0.8117647058823529

1
0.6111613876319759
0.5722473604826546
0.8117647058823529
0.5490196078431373
0.5333333333333333
0.9019607843137255
0.4980392156862745
0.4666666666666667
0.6941176470588235
0.2000000000000002
1
0.4980392156862745
0.4666666666666667
0.6941176470588235
0.4980392156862745
0.4666666666666667
0.6941176470588235
0.611764705882353
0.592156862745098
0.9529411764705882
0.2000000000000002
5
0.611764705882353
0.592156862745098
0.9529411764705882
0.4823529411764706
0.4235294117647059
0.5843137254901961
0.6392156862745098
0.5882352941176471
0.807843137254902
0.4745098039215686
0.403921568627451
0.6313725490196078
0.611764705882353
0.5725490196078431
0.8588235294117647
0.5372549019607843
0.4823529411764706
0.8274509803921568
0.4980392156862745
0.4666666666666667
0.6941176470588235
0.2000000000000002
0.2999999999999998
0.4000000000000004
0.5999999999999996
0.7999999999999998
3
0.4980392156862745
0.4666666666666667
0.6941176470588235
0.5725490196078431
0.5058823529411764
0.7725490196078432
0.5450980392156862
0.4666666666666667
0.8470588235294118
0.7372549019607844
0.6862745098039216
1
0.7104072398190046
0.6606334841628959
0.983107088989442
0.09999999999999964
0.2999999999999998
0.9000000000000004
0
0.7104072398190046
0.6606334841628959
0.983107088989442
0.5985994397759105
0.5568627450980392
0.8952380952380952

2
0.5985994397759105
0.5568627450980392
0.8952380952380952
0.3882352941176471
0.3529411764705883
0.7803921568627451
0.4941176470588236
0.4745098039215686
0.796078431372549
0.4575163398692812
0.4490196078431373
0.7326797385620916
0.1999999999999993
0.8000000000000007
1
0.4575163398692812
0.4490196078431373
0.7326797385620916
0.3843137254901961
0.3568627450980392
0.7333333333333333
0.2745098039215687
0.3215686274509804
0.4156862745098039
0.6999999999999993
3
0.6313725490196078
0.6941176470588235
0.6941176470588235
0.2784313725490196
0.3607843137254902
0.3647058823529412
0.4470588235294118
0.5058823529411764
0.5176470588235295
0.1921568627450981
0.1882352941176471
0.2588235294117647
0.2117647058823529
0.207843137254902
0.3411764705882353
0.2
0.3
0.5
0
0.3607843137254902
0.3529411764705883
0.6470588235294118
0.3607843137254902
0.3176470588235294
0.5764705882352941

0
0.7607843137254902
0.8274509803921568
0.788235294117647
0.8252100840336134
0.8540616246498598
0.7784313725490195

0
0.8252100840336134
0.8540616246498598
0.7784313725490195
0.6169934640522876
0.6209150326797386
0.5581699346405229

2
0.6169934640522876
0.6209150326797386
0.5581699346405229
0.9411764705882353
0.9019607843137255
0.7607843137254902
0.9098039215686274
0.8823529411764706
0.7725490196078432
0.5450980392156862
0.5176470588235295
0.4431372549019608
0.7999999999999998
0.8999999999999999
2
0.07450980392156863
0.05882352941176471
0.09411764705882353
0.07450980392156863
0.05882352941176471
0.09411764705882353
0.07450980392156863
0.05882352941176471
0.09411764705882353
0.09441930618401206
0.07149321266968325
0.1113122171945701
0.5
0.7
3
0.09441930618401206
0.07149321266968325
0.1113122171945701
0.07450980392156863
0.05882352941176471
0.09411764705882353
0.07450980392156863
0.05882352941176471
0.09411764705882353
0.07450980392156863
0.05882352941176471
0.09411764705882353
0.1607843137254902
0.1137254901960784
0.1686274509803922
0.2
0.3999999999999999
0.5
1
0.1411764705882353
0.1215686274509804
0.1372549019607843
0.1294117647058824
0.1254901960784314
0.1176470588235294
0.1254901960784314
0.1176470588235294
0.1215686274509804
0.9
2
0.1254901960784314
0.1176470588235294
0.1215686274509804
0.09019607843137255
0.07843137254901961
0.1058823529411765
0.1647058823529412
0.1686274509803922
0.1764705882352941
0.05882352941176471
0.05098039215686274
0.05490196078431372
0.1000000000000001
0.3
0
0.1568627450980392
0.1411764705882353
0.196078431372549
0.3058823529411765
0.2941176470588235
0.3470588235294118

0
0.3058823529411765
0.2941176470588235
0.3470588235294118
0.4549019607843137
0.4470588235294118
0.4980392156862745

2
0.2509803921568627
0.2156862745098039
0.1803921568627451
0.596078431372549
0.5215686274509804
0.3647058823529412
0.788235294117647
0.7490196078431373
0.5411764705882353
0.7647058823529411
0.7281045751633988
0.526797385620915
0.09999999999999998
0.5
3
0.7647058823529411
0.7281045751633988
0.526797385620915
0.803921568627451
0.792156862745098
0.592156862745098
0.5294117647058824
0.5137254901960784
0.3686274509803922
0.6627450980392157
0.6588235294117647
0.4862745098039216
0.7176470588235294
0.6862745098039216
0.4980392156862745
0.5
0.8
0.8999999999999999
3
0.7176470588235294
0.6862745098039216
0.4980392156862745
0.7686274509803922
0.7411764705882353
0.5450980392156862
0.7686274509803922
0.7411764705882353
0.5450980392156862
0.7176470588235294
0.6862745098039216
0.4980392156862745
0.7176470588235294
0.6862745098039216
0.4980392156862745
0.1000000000000001
0.3999999999999999
0.6000000000000001
4
0.09803921568627451
0.09803921568627451
0.1019607843137255
0.08627450980392157
0.1019607843137255
0.1137254901960784
0.09803921568627451
0.09803921568627451
0.1019607843137255
0.09803921568627451
0.09803921568627451
0.1019607843137255
0.09803921568627451
0.09803921568627451
0.1019607843137255
0.09803921568627451
0.09803921568627451
0.1019607843137255
0.6
0.7
0.8
0.9
0
0.09803921568627451
0.09803921568627451
0.1019607843137255
0.8588235294117647
0.8274509803921568
0.6470588235294118

3
0.07843137254901961
0.06274509803921569
0.09411764705882353
0.07843137254901961
0.06274509803921569
0.09411764705882353
0.07843137254901961
0.06274509803921569
0.09411764705882353
0.07843137254901961
0.06274509803921569
0.09411764705882353
0.07843137254901961
0.06274509803921569
0.09411764705882353
0.4
0.5
0.8
0
0.07843137254901961
0.06274509803921569
0.1294117647058824
0.1372549019607843
0.1294117647058824
0.1411764705882353

1
0.6196078431372549
0.6470588235294118
0.4745098039215686
0.8549019607843137
0.8431372549019608
0.6745098039215687
0.7876750700280112
0.7871148459383753
0.6173669467787115
0.6
1
0.7876750700280112
0.7871148459383753
0.6173669467787115
0.4627450980392157
0.4509803921568628
0.3764705882352941
0.6196078431372549
0.6470588235294118
0.4745098039215686
0.5
1
0.7490196078431373
0.7450980392156863
0.5647058823529412
0.5843137254901961
0.5843137254901961
0.4352941176470588
0.5514472455648927
0.5529411764705883
0.4009337068160598
0.2
2
0.5514472455648927
0.5529411764705883
0.4009337068160598
0.792156862745098
0.788235294117647
0.6
0.7490196078431373
0.7450980392156863
0.5725490196078431
0.7490196078431373
0.7450980392156863
0.5718360071301247
0.3
0.8999999999999999
2
0.7490196078431373
0.7450980392156863
0.5718360071301247
0.4980392156862745
0.5019607843137255
0.3450980392156863
0.5647058823529412
0.5647058823529412
0.4156862745098039
0.7490196078431373
0.7450980392156863
0.5647058823529412
0.2999999999999998
0.8999999999999999
1
0.1607843137254902
0.1450980392156863
0.2
0.06666666666666667
0.02745098039215686
0.06274509803921569
0.07843137254901961
0.06274509803921569
0.09411764705882353
0.8
1
0.4549019607843137
0.4117647058823529
0.6392156862745098
0.3686274509803922
0.2980392156862745
0.7294117647058823
0.3411764705882353
0.2862745098039216
0.6196078431372549
0.2
0
0.1333333333333333
0.1098039215686274
0.1490196078431373
0.08627450980392157
0.07058823529411765
0.1294117647058824

1
0.7647058823529411
0.7137254901960784
0.7333333333333333
0.2
0.1647058823529412
0.1686274509803922
0.1970588235294118
0.1323529411764706
0.1333333333333333
0.4
0
0.1970588235294118
0.1323529411764706
0.1333333333333333
0.1921568627450981
0.07843137254901961
0.07450980392156863

1
0.7137254901960784
0.6980392156862745
0.6862745098039216
0.7137254901960784
0.6980392156862745
0.6862745098039216
0.7137254901960784
0.6980392156862745
0.6862745098039216
0.3
1
0.8980392156862745
0.4901960784313725
0.3843137254901961
0.9058823529411765
0.4117647058823529
0.2156862745098039
0.9058823529411765
0.4117647058823529
0.2156862745098039
0.7
3
0.9058823529411765
0.4117647058823529
0.2156862745098039
0.9058823529411765
0.4117647058823529
0.2156862745098039
0.9058823529411765
0.4117647058823529
0.2156862745098039
0.9058823529411765
0.4117647058823529
0.2156862745098039
0.9058823529411765
0.4117647058823529
0.2156862745098039
0.2
0.5
0.6000000000000001
0
0.9058823529411765
0.4117647058823529
0.2156862745098039
0.9058823529411765
0.4117647058823529
0.2156862745098039

0
0.8627450980392157
0.4627450980392157
0.3803921568627451
0.8745098039215686
0.4921568627450981
0.4352941176470588

0
0.8745098039215686
0.4921568627450981
0.4352941176470588
0.8862745098039215
0.5215686274509804
0.4901960784313725

0
0.9921568627450981
0.9764705882352941
0.9725490196078431
0.9895424836601308
0.9725490196078431
0.9660130718954248

0
0.9895424836601308
0.9725490196078431
0.9660130718954248
0.9869281045751633
0.968627450980392
0.9594771241830065

0
0.9869281045751633
0.968627450980392
0.9594771241830065
0.984313725490196
0.9647058823529412
0.9529411764705882

1
0.8470588235294118
0.3176470588235294
0.2156862745098039
0.8470588235294118
0.3176470588235294
0.2156862745098039
0.8470588235294116
0.3176470588235294
0.2156862745098039
0.3
3
0.8470588235294116
0.3176470588235294
0.2156862745098039
0.8470588235294118
0.3176470588235294
0.2156862745098039
0.8470588235294118
0.3176470588235294
0.2156862745098039
0.8666666666666667
0.2901960784313726
0.1568627450980392
0.8633986928104576
0.2947712418300654
0.1666666666666667
0.2
0.5
0.8
1
0.8633986928104576
0.2947712418300654
0.1666666666666667
0.8470588235294118
0.3176470588235294
0.2156862745098039
0.8470588235294118
0.3176470588235294
0.2156862745098039
0.7999999999999998
0
0.1921568627450981
0.07843137254901961
0.07450980392156863
0.1882352941176471
0.02745098039215686
0.0196078431372549

0
0.4745098039215686
0.5098039215686274
0.6039215686274509
0.4745098039215686
0.5098039215686274
0.6039215686274509

0
0.4745098039215686
0.5098039215686274
0.6039215686274509
0.4745098039215686
0.5098039215686274
0.6039215686274509

0
0.4431372549019608
0.4823529411764706
0.5803921568627451
0.4431372549019608
0.4745098039215686
0.5686274509803921

1
0.4431372549019608
0.4745098039215686
0.5686274509803921
0.3490196078431372
0.3176470588235294
0.3686274509803922
0.348202614379085
0.3225490196078432
0.3776143790849673
0.5
1
0.348202614379085
0.3225490196078432
0.3776143790849673
0.5490196078431373
0.5333333333333333
0.592156862745098
0.4725490196078431
0.4612745098039216
0.5245098039215687
0.3999999999999999
1
0.4725490196078431
0.4612745098039216
0.5245098039215687
0.3450980392156863
0.3411764705882353
0.4117647058823529
0.3450980392156863
0.3411764705882353
0.4117647058823529
0.8999999999999999
0
0.9098039215686274
0.5882352941176471
0.4980392156862745
0.9098039215686274
0.5882352941176471
0.4980392156862745

0
0.3568627450980392
0.2196078431372549
0.2549019607843137
0.3568627450980392
0.2196078431372549
0.2549019607843137

1
0.3568627450980392
0.2196078431372549
0.2549019607843137
0.3568627450980392
0.2196078431372549
0.2549019607843137
0.3568627450980392
0.2196078431372549
0.2549019607843137
0.8999999999999999
0
0.3568627450980392
0.2196078431372549
0.2549019607843137
0.3568627450980392
0.2196078431372549
0.2549019607843137

1
0.4
0.3686274509803922
0.6039215686274509
0.403921568627451
0.3254901960784314
0.7607843137254902
0.3895993179880648
0.3142369991474851
0.7311167945439045
0.7
1
0.3895993179880648
0.3142369991474851
0.7311167945439045
0.7058823529411765
0.6745098039215687
0.9607843137254902
0.6684491978609626
0.6349376114081996
0.9219251336898395
0.8999999999999999
0
0.6684491978609626
0.6349376114081996
0.9219251336898395
0.2941176470588235
0.2392156862745098
0.5333333333333333

2
0.2941176470588235
0.2392156862745098
0.5333333333333333
0.3333333333333333
0.3254901960784314
0.6196078431372549
0.5764705882352941
0.5529411764705883
0.796078431372549
0.5764705882352941
0.5529411764705883
0.7960784313725491
0.7118208374513685
0.8304576436932634
1
0.5764705882352941
0.5529411764705883
0.7960784313725491
0.5764705882352941
0.5529411764705883
0.796078431372549
0.3333333333333333
0.3254901960784314
0.6196078431372549
0.3634273775127605
2
0.4431372549019608
0.392156862745098
0.4588235294117647
0.3725490196078431
0.3137254901960784
0.2941176470588235
0.8509803921568627
0.8313725490196079
0.807843137254902
0.8274509803921568
0.7897435897435897
0.7671191553544495
0.6
0.7
1
0.8274509803921568
0.7897435897435897
0.7671191553544495
0.4196078431372549
0.3607843137254902
0.3333333333333333
0.7490196078431373
0.6509803921568628
0.6313725490196078
0.3
3
0.7490196078431373
0.6509803921568628
0.6313725490196078
0.1137254901960784
0.03529411764705882
0.04313725490196078
0.5725490196078431
0.4274509803921568
0.392156862745098
0.1254901960784314
0.01568627450980392
0.01176470588235294
0.1921568627450981
0.09803921568627451
0.09411764705882353
0.3999999999999999
0.6000000000000001
0.7000000000000002
3
0.3450980392156863
0.3098039215686275
0.3294117647058823
0.06274509803921569
0.03137254901960784
0.09019607843137255
0.4392156862745098
0.4313725490196079
0.5176470588235295
0.2588235294117647
0.2705882352941176
0.2980392156862745
0.403921568627451
0.407843137254902
0.3764705882352941
0.09999999999999998
0.3
0.5
1
0.403921568627451
0.407843137254902
0.3764705882352941
0.1843137254901961
0.1803921568627451
0.203921568627451
0.4470588235294118
0.4431372549019608
0.4745098039215686
0.8999999999999999
3
0.4588235294117647
0.4235294117647059
0.6313725490196078
0.3607843137254902
0.3137254901960784
0.592156862745098
0.3607843137254902
0.3137254901960784
0.592156862745098
0.2823529411764706
0.2745098039215687
0.4705882352941176
0.2954248366013072
0.2810457516339869
0.4908496732026144
0.2
0.4
0.8
2
0.2954248366013072
0.2810457516339869
0.4908496732026144
0.3607843137254902
0.3137254901960784
0.592156862745098
0.3607843137254902
0.3137254901960784
0.592156862745098
0.3607843137254902
0.3137254901960784
0.592156862745098
0.2
0.7
0
0.3686274509803922
0.403921568627451
0.5333333333333333
0.6182337192511752
0.6398507811025748
0.7248121144725641

0
0.1843137254901961
0.1686274509803922
0.4
0.1313725490196078
0.1215686274509804
0.307843137254902

2
0.1313725490196078
0.1215686274509804
0.307843137254902
0.06274509803921569
0.05882352941176471
0.1803921568627451
0.07843137254901961
0.07450980392156863
0.2156862745098039
0.07843137254901961
0.07450980392156863
0.2156862745098039
0.2
0.6000000000000001
0
0.08943111455037034
0.0832146542799127
0.2832146542799127
0.08235294117647059
0.05490196078431372
0.2549019607843137

0
0.03137254901960784
0.02745098039215686
0.1529411764705882
0.02813533088165176
0.03068819853011294
0.1173317769530714

0
0.1921568627450981
0.09803921568627451
0.09411764705882353
0.4196078431372549
0.3725490196078431
0.3725490196078431

0
0.1137254901960784
0.09803921568627451
0.2509803921568627
0.1058823529411765
0.09019607843137255
0.211764705882353

0
0.1058823529411765
0.09019607843137255
0.211764705882353
0.09803921568627451
0.08235294117647059
0.1725490196078431

0
0.09803921568627451
0.08235294117647059
0.1725490196078431
0.09019607843137255
0.07450980392156863
0.1333333333333333

0
0.08235294117647059
0.06666666666666667
0.2627450980392157
0.05294117647058823
0.04509803921568627
0.1980392156862745

0
0.05294117647058823
0.04509803921568627
0.1980392156862745
0.02352941176470588
0.02352941176470588
0.1333333333333333

1
0.615686274509804
0.5607843137254902
0.8941176470588236
0.6313725490196078
0.6509803921568628
0.8784313725490196
0.4888119953863899
0.4973471741637832
0.6818915801614763
0.4
2
0.4888119953863899
0.4973471741637832
0.6818915801614763
0.3803921568627451
0.3607843137254902
0.4509803921568628
0.4745098039215686
0.4431372549019608
0.5333333333333333
0.384873949579832
0.3669467787114846
0.4739495798319329
0.1000000000000001
0.6000000000000001
1
0.384873949579832
0.3669467787114846
0.4739495798319329
0.2274509803921569
0.2156862745098039
0.3215686274509804
0.1607843137254902
0.1764705882352941
0.3254901960784314
0.1000000000000001
0
0.1882352941176471
0.1725490196078431
0.403921568627451
0.1803921568627451
0.2117647058823529
0.2862745098039216

0
0.2274509803921569
0.203921568627451
0.3372549019607843
0.1764705882352941
0.1764705882352941
0.3176470588235294

0
0.8588235294117647
0.7803921568627451
0.6823529411764706
0.8588235294117647
0.7803921568627451
0.6823529411764706

0
0.6745098039215687
0.6509803921568628
0.8823529411764706
0.4431372549019608
0.4313725490196079
0.8509803921568627

0
0.7372549019607844
0.7098039215686275
0.9019607843137255
0.6784313725490196
0.6549019607843137
0.8901960784313725

