512 512
309
213.6871872566371
302.1584
216.0741213602545
303.0677082299495
218.523809434401
303.7740780517995
220.9552350476471
304.2271268739751
220.9552350476471
304.2271268739751
228.3809811720912
305.610770163906
235.6363869631946
304.6316002934427
240.4135872566372
299.8544000000001
240.4135872566372
299.8544000000001
242.8903128369145
297.3776744197227
244.7143872566372
294.3248
246.8647872566372
291.5600000000001
220.9552350476471
304.2271268739751
220.6329665114474
296.8916290577843
222.0179337270798
293.6031813336195
227.429855319149
291.3482140035907
227.429855319149
291.3482140035907
234.560085072603
288.3772849396515
239.7514774521091
295.1928148069495
239.410655319149
298.2602140035907
214.0232563057805
301.8043202872532
218.9686752616312
294.8807337490622
219.1548035398231
291.8247324955117
228.8316035398231
289.5207324955117
228.8316035398231
289.5207324955117
236.582175852471
287.6753581353575
241.1500516814159
291.638592459605
246.1952
290.6384
277.9479148936171
289.5050140035907
280.0326071820396
294.6009284864012
282.5730687442684
298.791056143796
286.081839482275
301.7732598316398
286.081839482275
301.7732598316398
289.5532710840502
304.7237279323468
293.9725126926454
306.4918438935421
299.835914893617
306.7850140035907
299.835914893617
306.7850140035907
302.6142584464837
306.9239311812341
306.517514893617
306.3242140035907
311.816714893617
303.3290140035907
283.881843539823
299.0511023339319
286.8100477951422
293.1210944344704
289.8947903923892
290.9317235979145
295.3855031142911
292.0621644524238
295.3855031142911
292.0621644524238
303.2191031142911
293.6749644524238
304.3792733270571
299.9123102333933
304.3792733270571
304.9811102333932
277.9904000000001
289.256
283.5338647787611
291.4268064631957
286.4214855677008
288.7204844997835
293.346865840708
288.8853745062837
293.346865840708
288.8853745062837
303.023665840708
289.1157745062837
310.4154265185464
301.1736502692999
311.4906265185464
302.8632502692998
248.0384
257
249.8816
263.912
254.9504
254.696
261.4016
254.2352000000001
261.4016
254.2352000000001
263.7786597200077
254.0654100199995
273.8432
264.8336
272
255.1568000000001
242.9696
264.3728
242.2294021298068
259.1914149086475
244.7336263399734
253.0061207458792
251.264
253.7744
251.264
253.7744
252.3640387875259
253.9038163279442
252.1856000000001
253.1600000000001
253.1072
253.7744
268.3136
253.3136
278.0141187186428
253.3136
277.9904000000001
253.7744
278.912
259.7648
226.6112000000001
238.7984
233.984
232.808
250.7205049898537
235.2117350005969
260.2496000000001
234.6512
260.2496000000001
234.6512
268.0832000000001
234.1904000000001
282.5786936497029
234.7453504641285
287.4368000000001
235.112
287.4368000000001
235.112
289.4279373157877
235.2622745143991
291.1232000000001
236.6480000000001
292.9664
237.416
235.8259766371682
232.3385134649911
245.0419766371682
225.4265134649911
251.264
220.5968
261.4016
221.0576
261.4016
221.0576
271.9890681765649
221.5388485534803
278.396556460177
224.902839497307
285.308556460177
230.432439497307
233.7536
236.4944
241.1588227510478
238.5140062048312
247.4021612375043
243.4032593578569
255.4112
242.9456
255.4112
242.9456
264.5842679571948
242.4214246881603
267.9221191360249
244.2655176423162
276.608
242.0240000000001
276.608
242.0240000000001
278.8586539134845
241.4431860868427
285.8240000000001
236.1104
288.128
235.8032
226.7818605610996
302.4396782764812
226.4042665863303
300.7453903052065
228.601891737427
296.9332423698385
230.7558520504613
296.9332423698385
230.7558520504613
296.9332423698385
232.4764959668612
296.9332423698385
234.7846316851818
299.0511023339319
235.3573158802485
300.9571763016159
207.4015490265487
337.5283159784561
232.497147003073
356.6487715796174
243.8010776747305
367.1096372855253
275.1391490265486
361.0291159784561
275.1391490265486
361.0291159784561
294.3500425563855
357.3016291741594
308.2763956722873
356.0988103719909
316.6111490265487
336.1459159784561
316.6111490265487
336.1459159784561
325.0310912684505
315.9890845508729
321.0405361484391
294.3589629983438
320.7583490265487
273.477115978456
320.7583490265487
273.477115978456
320.6697685465201
266.9221604563411
319.5086709678313
273.9299220754981
322.6591404405582
253.9025256229583
206.4935882206741
336.2195447037703
206.1193767859695
313.0184357520886
203.2131071691533
291.5525842068725
201.0368
268.52
201.0368
268.52
200.6703910935917
264.6421724071789
199.9921281258734
260.8001638630881
199.46979218881
256.9402457946321
224.9984
372.6608000000001
191.7704579230757
351.3627144641599
181.3213614195792
318.2009359233874
178.4962007070407
259.2766015579459
185.8304
188.8016
188.9543714371011
182.5536571257978
181.1047546508714
175.9629133728216
183.5264
169.9088
183.5264
169.9088
188.7006627217575
156.9731431956064
205.1026259591704
152.9482782973799
216.704
149.6336
216.704
149.6336
238.4504197815882
143.4203372052605
227.7430167007453
150.4058107693599
239.9891458035653
140.5902869437833
183.0656
189.2624
169.3008077658401
172.2588331225084
165.0498657682719
164.0347061960381
165.5552
141.8
183.9872
181.4288
173.8165138765711
161.0874277531423
179.3052636113756
161.9557045829367
191.8208
143.1824
258.9921073696103
195.4877500897666
264.0118860930146
195.4877500897666
267.4572460176992
195.5936430879713
271.6329911504425
196.8643590664273
271.6329911504425
196.8643590664273
287.3378279652687
201.6434790666302
302.5335051327434
218.8901026929982
312.0896000000001
229.352
312.0896000000001
229.352
320.1170297233846
238.1403331603356
320.6264697245398
243.5391339160298
321.8342117692296
254.4088123182372
199.46979218881
255.6745290564347
209.7114978771494
226.7567718187703
210.6320256165436
221.0087160187062
235.7215830088496
203.2179389587074
235.7215830088496
203.2179389587074
238.7976915346112
201.0366983677127
244.7243518124568
197.2249382807405
248.7433924759933
196.5466800718133
248.7433924759933
196.5466800718133
252.5082265185465
195.9113220825853
253.972328646206
195.4877500897666
258.9921073696103
195.4877500897666
299.648
373.5824000000001
326.8072844899787
346.988933936896
332.0666242572399
334.4522157188506
338.816
297.0896000000001
338.816
297.0896000000001
357.3580027406574
194.4463705427897
350.831608914769
316.4765865446605
348.4928
327.5024
348.4928
327.5024
344.2347873719918
347.5758881034673
320.1650672115563
378.6935714869525
298.2656
376.3472
298.2656
376.3472
297.4016519225355
376.2546341345574
297.0368
375.1184000000001
296.4224
374.5040000000001
349.5646999567572
345.1425449456711
360.0893979295542
306.7295311695742
370.9893633852963
273.3889861421674
354.3468767042945
228.4153338763928
354.944
225.6656
356.0282147249026
220.6782122654484
357.0932633410739
216.8327450986315
358.0808576660344
213.7456491983667
358.0808576660344
213.7456491983667
362.1555057248263
201.0088107568884
364.9116890606226
201.1813378447962
362.2557166643344
187.3258251937737
313.472
163.4576
300.437756413383
160.6645478028678
286.1195104129043
160.9067597200998
274.3040000000001
154.2416
274.3040000000001
154.2416
263.0333659036256
147.8838064071735
264.519622894252
150.8618289425199
263.7056000000001
142.7216
308.864
160.6928
287.763234106024
140.0827495919304
294.8948266990183
154.7780764094184
287.8618478961512
141.897788027139
354.0013486308565
178.5495835238038
360.9509068004517
169.016251123897
349.608893584537
161.4770578106201
344.3456
151.4768
344.3456
151.4768
342.8297231398635
148.5966339657405
342.1952000000001
145.3328
341.12
142.2608
361.3354450314592
186.0700824695738
368.2493800636567
186.1337123910056
366.985885253971
181.9118314120796
369.6800747062925
175.6812312023574
369.6800747062925
175.6812312023574
374.2519055606541
165.1083851630953
376.2953340667596
152.76311691961
378.9056
141.8
374.2976
167.144
381.9783076111167
177.384943481489
383.2261913050227
144.6194434748871
383.5136000000001
143.1824
383.5136000000001
143.1824
383.7329019414836
142.0858902925822
384.128
141.032
384.4352000000001
139.9568
378.4448
168.5264
381.6839954874397
187.9615729246384
391.9417126543219
161.4064025377216
395.9552
155.1632
168.7808
168.5264
158.3259766784301
167.6551647232025
161.618782526239
158.7564287014899
159.104
150.0944
159.104
150.0944
158.5388189681159
148.1476653346213
158.0708226133889
147.4402666602328
157.7531751740723
147.2437523952966
289.28
302.6192
289.28
300.0518679143522
291.1141158802486
297.7431583482945
294.3397158802485
298.2039583482945
294.3397158802485
298.2039583482945
296.9402777395397
298.5754671853361
297.5744
299.8544000000001
297.5744
303.5408
276.9823490265487
285.1832560143627
280.5650394608999
288.7659464487139
284.2440580865828
285.8991420111176
288.9631490265487
285.6440560143627
288.9631490265487
285.6440560143627
298.9481186444022
285.1043279269112
303.3020172507302
288.4593196902655
310.1599490265486
294.8600560143627
310.1599490265486
294.8600560143627
310.7213994725593
295.3840764306392
314.0135882206741
300.0728043087972
314.6279882206741
300.5336043087972
286.081839482275
301.7732598316398
286.8421199519094
298.9911307063485
289.8047601714941
294.0772749349425
293.293928646206
293.9682384201078
293.293928646206
293.9682384201078
300.666728646206
293.7378384201078
301.0155676024581
299.612052908277
301.6602265185464
304.7693242369839
262.0287773451328
269.2951698384201
259.2637738625057
266.8911273131301
254.5133543934149
261.69535162549
260.7760538053097
258.7058700179533
260.7760538053097
258.7058700179533
264.6019158299104
256.879605750217
270.3475426925221
263.4712387112708
268.2923950442478
267.1773098743268
268.2923950442478
267.1773098743268
265.948681037498
271.4037560385037
264.8697579862203
270.2557647290332
262.0287773451328
269.2951698384201
293.346865840708
304.8752172351886
291.3765043755419
300.8778950527152
297.1400298962067
301.4245232318236
295.4347384070797
304.4516452423699
295.4347384070797
304.4516452423699
295.0826086591375
305.0767229592061
294.0428233628319
304.7340265709157
293.346865840708
304.8752172351886
277.0614598230089
313.2407640933574
284.1336061450355
315.8493899604669
291.6821488474163
318.6716969350599
299.1929090265487
318.8530929982047
299.1929090265487
318.8530929982047
305.9444316493204
319.0161523417059
313.5207191761288
314.6306990525042
318.4013366371682
312.6054061041293
318.4013366371682
312.6054061041293
322.9946562831859
310.6993321364453
308.4890753170708
320.1799225759057
302.9510796460178
321.3945249551168
302.9510796460178
321.3945249551168
295.6388881485084
322.9982469003224
282.0958405630084
319.7371331941987
277.4790343362831
317.6882700179534
277.4790343362831
317.6882700179534
274.1384382300885
316.205768043088
274.7648
312.39362010772
277.0614598230089
313.2407640933574
276.9570661946903
310.0639741472173
274.2377834812308
307.3056353086093
268.6587968692256
301.865742083904
270.3802676106195
293.8623454219031
270.3802676106195
293.8623454219031
271.6329911504425
288.0382305206464
272.609641871351
294.2074618112308
274.3472254867257
297.1450283662479
274.3472254867257
297.1450283662479
278.7317578761062
304.5575382405746
281.453583950354
310.616178626588
290.0062697345133
313.664336086176
290.0062697345133
313.664336086176
297.7313982300885
316.4175540394974
310.0498463716814
313.4525500897666
313.2860488495576
311.7582621184919
313.2860488495576
311.7582621184919
319.3924672477068
308.5612955163451
305.9626964986576
316.2077712024818
302.637898761062
316.6293400359067
302.637898761062
316.6293400359067
291.4213187242888
318.0515500271044
279.6713005309735
312.8171921005386
276.9570661946903
310.0639741472173
274.9735872566372
291.4268064631957
279.3545940021016
298.8333558683046
281.5965174381697
305.4657570934046
289.7974824778761
308.7932581687613
289.7974824778761
308.7932581687613
295.9875332893406
311.3048407242209
301.6745994182153
310.8116512405547
307.9619738053098
309.1109371633752
307.9619738053098
309.1109371633752
313.5906354454344
307.5884027161363
312.2732758811096
308.039362820232
315.8958895575221
306.5695052064632
285.308556460177
264.9535569120287
289.2755143362833
268.7657048473968
313.2860488495576
274.2721407540395
305.0389522123894
257.858726032316
305.0389522123894
257.858726032316
299.0638900966426
245.9671262598793
298.2201395595392
248.2561672331425
290.0062697345134
256.58801005386
290.0062697345134
256.58801005386
288.3681802759645
258.2496268295872
284.8909819469027
260.717836983842
285.308556460177
264.9535569120287
261.6112028318585
224.8201105924596
268.4929535778064
224.8201105924596
269.6186052372155
223.4862294977487
274.9735872566372
228.3145795332137
274.9735872566372
228.3145795332137
276.7543458441158
229.9202106553766
275.2012202347979
230.8959434340507
272.8857146902655
230.3265464991023
272.8857146902655
230.3265464991023
271.054798577279
229.8763130607313
258.8976641949167
230.3251351162375
261.6112028318585
224.8201105924596
224.0276456863114
302.8632502692998
224.4202077655413
299.2794474454512
224.624019196254
296.5248798625515
228.412178075692
294.6035964093358
228.412178075692
294.6035964093358
232.74380966154
292.4066737468546
235.2887558924199
295.7480281861345
237.181242854453
298.6275303411132
230.9204745836555
302.4620817368906
228.9501131184894
298.4647595544172
234.7136386391541
299.0113877335256
233.0083471500272
302.0385097440719
233.0083471500272
302.0385097440719
232.656217402085
302.6635874609082
231.6164321057794
302.3208910726177
230.9204745836555
302.4620817368906
213.7978104914329
306.6753982046679
222.6877209462672
308.0992287083951
228.1837665770118
309.2237158657379
236.9731959781585
306.2518262118493
236.9731959781585
306.2518262118493
242.7227481308574
304.3077825456166
246.8261649954819
298.1228743454662
249.2916441197515
293.1210944344704
211.8154421238938
313.1348710951526
218.287847079646
314.6173730700179
215.203186719246
313.774576872266
223.1943476106195
314.5114800718133
223.1943476106195
314.5114800718133
232.3809869026549
315.3586240574507
243.0291369911505
311.5464761220827
249.0839674336283
301.5925342908439
249.0839674336283
301.5925342908439
252.0434922650617
296.7271729400909
254.2200687740073
289.689632421029
253.677287079646
285.285012567325
253.677287079646
285.285012567325
252.8421380530974
278.5078606822262
249.0798679191643
272.1111958716469
249.919116460177
272.2601737881508
249.919116460177
272.2601737881508
254.0948615929204
273.0014247755836
255.0359938889237
275.9207383529413
256.3915214159292
282.108222621185
256.3915214159292
282.108222621185
257.6442449557522
287.826444524237
258.4793939823008
299.0511023339318
251.17184
308.7932581687613
251.17184
308.7932581687613
244.5977779459188
317.5575501813578
233.4249231858407
318.111842010772
225.073432920354
318.111842010772
225.073432920354
318.111842010772
219.3452982239377
318.111842010772
206.1925941274545
311.8469598293904
211.8154421238938
313.1348710951526
206.9089415929205
313.664336086176
213.518754341792
318.8791394817051
218.9294059981167
321.6287227847664
227.7876672566372
322.3475619389588
227.7876672566372
322.3475619389588
233.0888003905192
322.7777436582613
243.0191870322614
320.5593287273238
247.8312438938053
317.476484021544
247.8312438938053
317.476484021544
251.379398883746
315.2033581752058
250.1279037168142
312.6054061041293
246.3697330973452
314.299694075404
246.3697330973452
314.299694075404
232.6879098022576
320.4678410227206
227.339446289511
320.7832857170747
219.6449642477876
318.7472000000001
219.6449642477876
318.7472000000001
214.8428573451328
317.476484021544
211.7110484955753
315.9939820466787
206.9089415929205
313.664336086176
211.7225243908869
298.8393163375225
216.7423031142911
292.9093084380611
220.6097751040296
286.3291996641998
228.3318468085106
285.3909055655296
228.3318468085106
285.3909055655296
235.0441309282491
284.5753088164742
239.5514940586972
288.9041453143117
246.3193872340426
288.3559095152604
246.3193872340426
288.3559095152604
247.5625893829114
288.2552034453197
248.5504
287.2263842010772
249.6659063829787
286.6616215439857
296.1693974750031
391.5746405403726
287.5563365626465
392.3805787429956
268.3869895235749
399.0691289824518
255.0181158802486
398.2728416517056
255.0181158802486
398.2728416517056
246.7784813322992
397.782066080363
232.6554189374726
388.8894380974045
224.9853276595745
386.2010398563735
224.9853276595745
386.2010398563735
197.7042927927257
376.6389259919815
170.983301402018
348.0263602411446
154.7084255319149
326.0538168761221
154.7084255319149
326.0538168761221
147.7745160834785
316.6924166872099
145.4158574523229
298.3401248881131
146.3421276595745
287.0851935368044
146.3421276595745
287.0851935368044
147.1844387464801
276.8504333282274
154.7320263695041
271.2715810255778
162.2380936170213
265.9065938958708
162.2380936170213
265.9065938958708
165.4671435332995
263.5986194705491
169.0214329639872
260.4946215009675
173.1142808510639
259.9765859964094
173.1142808510639
259.9765859964094
174.0134122365427
259.8627821136872
176.8610083827008
259.4336763525837
178.4962007070407
259.2766015579459
196.539914893617
411.6153594254938
211.2457921176506
433.1241349703997
211.637894213569
441.1461147102802
235.024885106383
431.0996710951527
235.024885106383
431.0996710951527
247.8523011498858
425.5893464621349
257.1239845441173
417.1437797112882
269.2408222632274
410.1328574506284
269.2408222632274
410.1328574506284
278.0640396365312
405.0276565288092
277.8515280512666
403.6364198048312
296.1693974750031
391.5746405403726
191.5201361702128
420.9339432675046
195.9616442035249
429.1790407656099
199.8677316178117
437.5860855050075
203.2329531914894
446.3482628366248
203.2329531914894
446.3482628366248
206.0795711367221
453.760128797128
205.0290427765518
456.8143633416229
212.4358808510639
459.9025666068223
212.4358808510639
459.9025666068223
222.9630511956528
464.2917596071854
233.5742942325045
468.5179521710182
244.2278127659575
472.6097263913825
244.2278127659575
472.6097263913825
263.6138325903765
480.0554557909178
263.4039600810974
478.9312421241884
278.5296340425532
459.9025666068223
235.5982397857462
428.899096428599
225.2338473302194
421.4029213261148
214.7272284006658
413.5681208485539
202.1330482963845
410.2619287445774
202.1330482963845
410.2619287445774
193.5165730413224
407.9999535928397
186.2886207248601
407.1731294924292
177.8707844665973
404.331920845116
177.8707844665973
404.331920845116
165.8975597038169
400.2906887887377
157.0577068323458
395.935755532169
146.3993809999988
389.5873599577221
146.3993809999988
389.5873599577221
138.89103460204
385.1151798241825
121.1625970481157
370.3564117718897
129.3462568070228
359.4332896063369
129.3462568070228
359.4332896063369
140.7171837009587
344.255969524958
150.7645854633879
347.5755752584236
146.0788525517036
329.7832501090298
146.0788525517036
329.7832501090298
143.3233928259245
319.3204182957033
144.4055929772355
323.9812826039934
144.4055929772355
309.4517944537336
280.280794164612
458.2115820566356
287.6048833310232
463.508820181611
297.5956186108241
475.6066677300379
306.9750468085106
476.8454463195691
306.9750468085106
476.8454463195691
316.0562637812416
478.0448389601016
321.0587497201676
478.6560881224933
334.917505000507
464.7690450989978
178.2966229580408
405.2822475113703
165.8020492368149
411.6080460560483
160.4677392875553
430.1335514383579
145.837928646206
431.7350290843808
145.837928646206
431.7350290843808
122.2230117960284
434.3200769961668
106.4576553078034
412.3634555731025
98.65422978723403
393.8253357271096
98.65422978723403
393.8253357271096
89.38231066824582
371.798605622865
84.2712976766196
350.3312793588531
72.71870638297872
329.4423928186715
72.71870638297872
329.4423928186715
63.98848802711503
313.6567966635448
45.59822243334611
302.3794837215304
42.60003404255315
284.5437615798924
42.60003404255315
284.5437615798924
42.29686527425817
282.7402611961483
59.01385558981478
218.8641803629826
59.33262978723402
220.1608186714543
59.33262978723402
220.1608186714543
67.19472864620599
252.1405041292639
65.63147941017354
266.784931802348
71.04544680851063
289.6266254937165
71.04544680851063
289.6266254937165
75.90370156259465
310.123750578272
88.38034831674463
317.1519490495574
93.13025205046135
337.7020466786356
93.13025205046135
337.7020466786356
96.69515920229011
353.1253466265182
102.473208495864
376.0063381195453
109.0262180079081
390.2249737881509
109.0262180079081
390.2249737881509
117.7403859212542
409.1328631307791
126.5734043516555
422.4658556462109
147.5111882206741
419.0278692998206
147.5111882206741
419.0278692998206
158.8782396529483
417.1613982412144
159.7588170234167
408.1852253035306
165.917043539823
400.390701615799
178.7520068630247
405.8736465280393
167.1011624185803
441.8559772039492
146.2960830535009
450.8515598729265
127.987613212231
462.3004832698071
127.987613212231
462.3004832698071
108.605375391993
474.42087115519
82.21643860905642
439.4026364760463
65.18903829787232
420.9339432675046
65.18903829787232
420.9339432675046
50.88785338164756
405.4222273326361
52.30295919354461
414.4181666960005
55.98611063829789
423.4753752244166
55.98611063829789
423.4753752244166
61.89976977931762
438.0176075517051
57.36821411798003
452.3542360478434
71.04544680851063
459.055422621185
71.04544680851063
459.055422621185
87.01738268010249
466.8809034501459
102.7950865664996
473.744081562253
120.4066042553192
476.8454463195691
120.4066042553192
476.8454463195691
128.5697166228157
478.2829595114412
148.069499376334
474.3556140083064
153.8717957446808
470.0682944344703
153.8717957446808
470.0682944344703
167.0960493249564
460.2968871114351
185.4559947401264
423.6036537122898
189.570648132866
408.3269872559422
182.9712187622366
431.3560123182372
180.0072517068154
444.7890606991059
175.9323412069475
453.4679039479424
174.7875404255319
465.8325745062837
174.7875404255319
465.8325745062837
174.0322650018396
473.9900914702573
200.1695272798949
482.6933670229808
204.9062127659575
484.4697421903052
204.9062127659575
484.4697421903052
214.3353128035653
488.0058898206071
199.2462372877768
464.8317313153188
194.866655319149
455.6668466786356
194.866655319149
455.6668466786356
188.741224892829
442.8485312299488
188.8008736002901
433.0068374276156
191.5201361702128
419.2396552962299
191.5201361702128
419.2396552962299
193.4436648445659
409.5011438749088
190.3458745285837
409.5312790324159
189.570648132866
410.0919711165204
189.570648132866
410.0919711165204
189.0632144980724
410.4589787723598
183.2500953579813
431.9207749753288
182.9712187622366
431.3560123182372
360.5193531914894
248.1165701974865
380.250582844697
241.4568373881453
375.6327761873107
235.7182585759168
399.8409531914894
232.8679784560144
399.8409531914894
232.8679784560144
420.2185024984083
230.4687179221949
431.0945691417595
245.0260167989179
438.3259234042553
262.5180179533214
438.3259234042553
262.5180179533214
444.5632562036045
277.6055698234405
441.0596950859113
298.1744432015378
436.6526638297873
313.346657091562
436.6526638297873
313.346657091562
430.5934125091695
334.2070167547877
421.277964483773
355.3302767401622
410.7171404255319
374.3410240574506
410.7171404255319
374.3410240574506
399.3381038850978
394.8246517735645
389.4029025898345
416.0528299275883
368.0490212765959
426.8639511669659
368.0490212765959
426.8639511669659
366.5115847009135
427.6423301873294
361.288514340646
428.9555931990643
359.4750016584436
429.5446520378921
334.917505000507
464.7690450989978
360.501650667139
465.391117538393
383.7582006914988
452.6319071947865
403.1874723404256
437.8768229802515
403.1874723404256
437.8768229802515
432.3844742798807
415.7038753673439
444.625832602715
385.2561418215521
459.2416680851064
352.3152804308798
459.2416680851064
352.3152804308798
471.460371100203
324.7770255785315
483.6430605929601
296.0637945245089
491.0336
266.7537378815081
491.0336
266.7537378815081
493.977453473676
255.0787426869833
493.3926690078565
239.3874503448721
491.0336
227.7851145421903
491.0336
227.7851145421903
487.3179052262595
209.5106434005516
471.8556025276464
189.1424045788062
457.5684085106383
179.4979073608617
457.5684085106383
179.4979073608617
445.3116320706105
171.2240331392271
429.3945777220798
182.059940142901
419.0834382978724
185.4279152603232
419.0834382978724
185.4279152603232
408.2026019190998
188.981973126558
395.3266630111664
189.9887761848164
383.9449872340426
192.2050671454219
383.9449872340426
192.2050671454219
374.7515712985166
193.9952503340825
370.9446412426188
201.3282556694121
366.655336244754
192.6418354942028
366.655336244754
192.6418354942028
366.3764596490093
192.0770728371113
363.9094743789603
189.4094479367021
363.6305977832155
188.8446852796106
371.395540425532
421.7810872531419
382.6311690554888
401.871634007599
400.354737020322
386.8380344412552
409.8805106382979
365.8695842010773
409.8805106382979
365.8695842010773
421.9051768049904
339.4004884317596
425.7147964030254
308.2863346729773
415.7369191489362
280.3080416517056
415.7369191489362
280.3080416517056
409.8308065917599
263.7471095482797
392.6338012266604
253.134765639541
378.9252085106384
243.8808502692999
405.9434735296914
413.2336687117481
417.9479184393392
400.0654176528706
427.0835835856125
386.6204875894841
437.5671941646121
372.3446565800323
437.5671941646121
372.3446565800323
450.2604505994238
355.0598878968083
456.4612723102619
337.4581629550038
465.0980765957448
317.5823770197487
465.0980765957448
317.5823770197487
471.5746884111982
302.677819063507
475.3911981846787
285.5872581751056
476.8108936170213
269.2951698384201
476.8108936170213
269.2951698384201
477.7571214332476
258.4364836601112
479.7936555965909
243.4756532348615
478.4841531914894
232.8679784560144
478.4841531914894
232.8679784560144
477.3001147868959
223.2766296561469
474.2261396742718
210.9835500188714
465.0980765957448
205.7593709156195
465.0980765957448
205.7593709156195
451.608725174072
198.0391363809458
437.4562799692816
202.9304311762089
423.2665872340426
204.9122269299821
423.2665872340426
204.9122269299821
411.6725130674078
206.5315070216015
397.3863259188213
209.9990877427821
385.6182468085107
209.1479468581688
385.6182468085107
209.1479468581688
381.1703272405212
208.8262455711277
370.9650696955848
206.4448098991915
368.0490212765959
201.5236509874327
368.0490212765959
201.5236509874327
367.7620596269984
201.03937100427
364.3333147995327
198.7222275560147
364.3333147995327
198.1574648989231
358.0808576660344
213.7456491983667
361.9330172088927
214.7451637923946
359.6885600557792
230.3339340023776
363.0292425531916
234.5622664272891
363.0292425531916
234.5622664272891
366.1601703536783
238.5251104117472
387.8106039343652
230.8037056196942
390.638025531915
230.3265464991023
390.638025531915
230.3265464991023
408.7119281413708
227.276372629643
430.7379063765314
221.173047234682
449.2021106382978
224.396538599641
449.2021106382978
224.396538599641
462.4762635931602
226.7139478321496
465.6307412153607
242.426952228399
465.9347063829787
253.1994341113107
465.9347063829787
253.1994341113107
466.4374445492214
271.0164025163905
462.4494737714363
290.6124647323049
457.5684085106383
307.4166491921006
457.5684085106383
307.4166491921006
454.3888534386007
318.3629953431586
449.5504431557438
331.8219619287343
444.1823319148937
342.1495526032316
444.1823319148937
342.1495526032316
440.7637938501321
348.7264024958683
437.6153318526542
353.499079605767
435.8160340425532
360.7867202872532
400.6775829787234
175.2621874326751
419.3337655185261
171.4840592630346
412.4937444106806
166.6287835171627
406.5339914893618
151.5421558348295
406.5339914893618
151.5421558348295
398.1020362289755
130.1973498794531
386.3636561952141
115.6225149779048
365.5391319148937
104.9492366247756
365.5391319148937
104.9492366247756
330.3413568699276
86.90917744221035
295.2216997012956
84.42107511745361
260.1237787234043
68.52204524236984
260.1237787234043
68.52204524236984
232.2874631261688
55.9124546751255
200.5148082899564
40.20744473643816
181.4805787234043
15.15197414721722
181.4805787234043
15.15197414721722
181.3105446620296
14.9281519321366
182.0383319148937
15.15197414721722
182.3172085106383
15.15197414721722
389.801395744681
179.4979073608617
408.4957488750971
193.0188296044559
410.0739590582338
182.1063084373515
427.4497361702128
168.4850355475763
427.4497361702128
168.4850355475763
434.7799723438764
162.7386941537783
455.1443174532827
170.2009451283917
454.2218893617022
160.8607396768403
454.2218893617022
160.8607396768403
453.5898718524563
154.4611368902218
453.0112409736975
146.8878673147202
451.712
140.529284021544
451.712
140.529284021544
451.47592717229
139.3739258019074
451.2229936620697
138.2259015989654
450.9540702682694
137.084818224144
450.9540702682694
137.084818224144
448.3181982529349
125.9004073316185
444.1461656222644
115.3828100286653
439.2579618474728
105.1618074558854
439.2579618474728
105.1618074558854
432.3549524502104
90.72794175388242
424.0237229438501
76.88555837209984
416.5735489361703
62.59203734290844
416.5735489361703
62.59203734290844
410.5330056309793
51.00296134663166
406.7767557304109
41.82178740291013
405.6973617021278
28.7062779174147
423.2665872340426
164.2493156193896
424.2094137817646
153.7478867108308
425.6395343530712
142.4698419369944
423.2665872340426
132.0578441651705
423.2665872340426
132.0578441651705
417.9482843377701
108.7222386382588
405.2376631262971
97.51324160507627
385.6182468085107
84.61778096947938
385.6182468085107
84.61778096947938
360.0219294852906
67.79381958798839
333.8955427645176
55.26815554466038
319.5244936170213
26.16484596050269
319.5244936170213
26.16484596050269
317.3463977754885
21.75390860098913
315.6202212765958
17.12864344703765
313.668085106383
12.6105421903052
434.9794042553192
164.2493156193896
439.830043058156
142.1471230132859
436.6150438785002
133.6586317907295
427.4497361702128
110.879244524237
427.4497361702128
110.879244524237
420.1689368210869
92.78360024669642
408.3697553113238
78.1011610287471
398.1676936170213
61.74489335727108
398.1676936170213
61.74489335727108
391.345989786932
50.80812222572752
385.4854178573019
39.31565496329392
381.4350978723405
27.01198994614002
381.4350978723405
27.01198994614002
380.3442660881004
23.69836808090803
379.7618382978724
20.23483806104128
378.9252085106384
16.84626211849188
127.0996425531915
160.8607396768403
131.7373986866394
174.9488606423589
133.4490139269384
190.2411016050615
138.8124595744681
204.0650829443447
138.8124595744681
204.0650829443447
144.0371434478315
217.5314135675134
167.8172338031393
234.139795574833
178.8466460307034
233.9055017997506
171.4410212765958
219.3136746858169
161.7025641894822
212.0477900444252
141.9668311097815
199.8577498085721
145.5054978723404
183.7336272890485
145.5054978723404
183.7336272890485
147.524577288803
174.5335849928508
152.1438949488383
157.1447746096565
157.7531751740723
147.2437523952966
157.7531751740723
147.2437523952966
158.6664679247871
145.6316860605891
159.6060043425734
144.2181191709242
160.5648340425532
143.070715978456
160.5648340425532
143.070715978456
161.9884729069263
141.3670893824738
185.0424647213036
137.5279344994569
187.3369872340426
137.1407080789946
187.3369872340426
137.1407080789946
203.8378032024036
134.3560102315514
222.6836936124539
138.6980238461822
239.9891458035653
140.5902869437833
239.9891458035653
140.5902869437833
243.7175004648468
140.9979635454924
247.3743540105988
141.2919323122601
250.9208510638299
141.3764280071813
250.9208510638299
141.3764280071813
262.9058104911711
141.6619710261705
275.3387067409956
141.9163709643725
287.8618478961511
141.897788027139
287.8618478961511
141.897788027139
307.581894909859
141.8685256886125
327.5257171648691
141.1623629910264
346.2966468085107
138.8349960502694
346.2966468085107
138.8349960502694
358.3741844744175
137.3375282943822
376.1949023390002
135.558013537526
388.1281361702128
129.5164122082585
388.1281361702128
129.5164122082585
392.402812733442
127.3522133019199
390.7543429242408
127.8221242369839
388.1281361702128
127.8221242369839
112.1757528947707
149.9084305834985
114.8412200509443
160.7042903758282
96.60818226175472
130.6888489327958
91.12456170212764
121.0449723518851
91.12456170212764
121.0449723518851
87.96373444624426
115.4861216586504
129.1559481068493
90.07487640735516
129.6095319148936
89.7006448833034
129.6095319148936
89.7006448833034
161.8026166723691
63.13958393039724
144.562440730848
60.92888083760758
176.4608
71.91062118491919
176.4608
71.91062118491919
198.9058001523125
79.63782626428628
225.0082737640703
85.46824416592347
248.4109617021277
88.85350089766605
248.4109617021277
88.85350089766605
262.0822167794122
90.83108178086391
281.8606963415488
93.09290343789903
296.0988595744681
89.7006448833034
296.0988595744681
89.7006448833034
298.349866363389
89.16433996031202
302.309684015977
88.25049390932584
304.4651574468086
87.15921292639139
190.6835063829788
84.61778096947938
207.5982910105984
97.93905958704222
229.0508477410534
109.1919164628872
248.4109617021277
118.5035403949731
248.4109617021277
118.5035403949731
259.6552306489368
123.9116905760327
279.4147568238532
127.3321836893032
291.0790808510638
128.6692682226212
291.0790808510638
128.6692682226212
307.8462974767952
130.5912986776015
321.0433009126405
129.9990523291502
337.0937191489361
125.2806922800718
337.0937191489361
125.2806922800718
347.5968329343647
122.1930797489527
360.3155364412816
122.0984945190615
368.0490212765959
114.2678204667863
368.0490212765959
114.2678204667863
368.4434123405264
113.868472962196
368.0490212765959
113.1382951526032
368.0490212765959
112.5735324955117
200.7230638297872
89.7006448833034
216.0604270079926
91.52771697803526
223.4682036121142
92.91031804859428
237.5347744680851
99.86637271095151
237.5347744680851
99.86637271095151
253.464609586811
107.7438294829522
268.8881488574843
118.0526409875639
286.8959319148937
120.1978283662477
286.8959319148937
120.1978283662477
297.4988197203594
121.460903394716
310.1070628343703
119.6824187127038
318.6878638297873
112.5735324955117
318.6878638297873
112.5735324955117
325.2665160153678
107.1233548402143
336.5329543276345
104.1203895067953
337.9303489361703
95.6306527827648
337.9303489361703
95.6306527827648
338.0328660116459
95.00782013750542
336.8148425531915
95.06589012567322
336.2570893617022
94.78350879712745
100.3274893617021
104.1020926391383
96.76211855925028
93.27155871140306
97.9587847467124
72.64196007632472
95.30771063829786
60.89774937163378
95.30771063829786
60.89774937163378
93.69835369421804
53.76832700266259
90.76541094068497
42.86387668157807
88.61467234042551
36.33057378815082
88.61467234042551
36.33057378815082
87.46822154315812
32.84799793720573
85.82590638297874
29.55342190305203
84.43152340425527
26.16484596050269
90.28793191489362
110.879244524237
81.61310171339687
86.7236580924211
67.00769328014675
62.51280029339208
54.31285106382978
40.5662937163375
54.31285106382978
40.5662937163375
45.75448504957408
25.77081750480301
45.91893502360418
26.13688070612701
39.25351489361701
19.38769407540394
111.2036765957447
92.24207684021546
111.2036765957447
65.43682683273873
111.7904110565557
38.49320353279277
119.5699744680851
12.6105421903052
119.5699744680851
12.6105421903052
119.8627385982353
11.63651390194723
120.6854808510638
10.91625421903049
121.2432340425532
10.06911023339316
137.9758297872341
76.14634111310592
138.6894037505438
53.0250073791499
136.8553857812535
34.62128678973231
129.6095319148936
12.6105421903052
129.6095319148936
12.6105421903052
129.0953088803803
11.04848586284285
127.9362723404255
9.786728904847404
127.0996425531915
8.374822262118469
166.4212425531915
65.13346929982045
169.7064280267045
46.60027112711138
170.8257406833588
30.79944795183372
178.9706893617021
14.30483016157988
296.1693974750031
391.5746405403726
305.593344670746
384.6699368166379
325.2431360554098
365.8692930039613
340.3543541781209
355.0684983842012
340.3543541781209
355.0684983842012
343.9446874812775
352.5022954276309
340.1208451913631
354.1703325574516
349.5646999567572
345.1425449456711
349.5646999567572
345.1425449456711
352.9384101723356
341.4953120923284
361.9511469301229
322.7323628384004
366.2898775823763
311.0170111310593
366.2898775823763
311.0170111310593
368.5092262513737
305.0243712779673
386.3778079194058
294.2402667652351
382.1858435398231
289.8384114901257
382.1858435398231
289.8384114901257
365.1104791995853
271.9080867570294
374.2227994775984
276.6565728055346
363.0292425531916
270.9894578096948
277.7841846408025
459.8471425419041
287.201255880196
448.5655201427556
316.3533660640202
418.2241612934855
335.4204595744682
397.213911669659
335.4204595744682
397.213911669659
349.9461604048875
381.2078748690892
361.2045347301141
367.3390603852511
378.9252085106384
354.8567123877918
378.9252085106384
354.8567123877918
386.8590199581357
349.2681779640766
392.8615929774091
344.7618618658161
401.5142127659575
339.6081206463196
401.5142127659575
339.6081206463196
407.9490775444036
335.7753360491672
396.4658863488592
327.4768425313218
401.5142127659575
320.9709529622981
401.5142127659575
320.9709529622981
406.6872606674162
314.3043320662775
413.9577995580993
314.4134413565242
406.5339914893618
306.5695052064632
406.5339914893618
306.5695052064632
392.7346065026919
291.9891855452687
367.3095031496435
263.0853036011479
362.1926127659575
259.9765859964094
354.3468767042945
228.4153338763928
352.0574183166258
226.7279990768155
351.3425813281623
226.2011629774322
348.7986907416824
221.1429890369684
348.7986907416824
221.1429890369684
347.6438308580698
218.8467101799995
346.1120171389286
215.6165575529434
343.8848000000001
210.92
343.8848000000001
210.92
337.6365173865663
197.7441769569161
316.6443876556394
159.9689908714113
326.3744
170.8304
326.3744
170.8304
336.8361636194219
182.5086477612151
351.0180640058819
188.3441019873113
351.850267180485
201.4285858694604
351.850267180485
201.4285858694604
351.9882700541807
203.5983641539784
350.0329574723156
218.8359572427133
348.7986907268208
221.1429890187649
361.3354450314592
186.0700824695738
359.0329257283532
183.6604987607115
356.5704036375456
181.1365894755741
354.0013486308565
178.5495835238038
354.0013486308565
178.5495835238038
341.9151962701476
166.3789807108061
327.4712103904613
152.8118946203954
316.2368000000001
143.1824
334.917505000507
464.7690450989978
337.5833260435965
460.8262964598393
337.0095418253401
461.5980089995602
348.5214544820723
445.9448784171207
348.5214544820723
445.9448784171207
352.4921114559228
440.5458440461114
356.1106963946106
435.0970113165154
359.4750016584436
429.5446520378921
359.4750016584436
429.5446520378921
366.4894524220142
417.9681904128893
372.3985318468876
405.9416917168755
378.0885787234043
392.9781917414722
378.0885787234043
392.9781917414722
381.9016290060719
384.291008961032
386.6332913466726
372.7712522834951
388.9647659574468
363.3281522441652
388.9647659574468
363.3281522441652
390.0668541306137
358.8643983506921
391.474655319149
353.6238414900605
391.474655319149
348.9267044883304
162.0730257552436
398.7005204727437
151.1344680353082
403.0788011798273
146.2536038625398
406.5160699848182
134.8019020979021
400.7656446351932
134.8019020979021
400.7656446351932
118.2551792928602
392.4567752438201
109.7741711384674
376.0413615339564
107.8542321678322
359.2501356223177
107.8542321678322
359.2501356223177
105.0032278775801
334.3160841525276
107.3042797202797
305.6199977682855
107.3042797202797
280.2694111587983
107.3042797202797
280.2694111587983
107.3042797202797
264.169190270054
106.5010013618824
249.1367598839486
102.9046601398601
233.1847484978541
102.9046601398601
233.1847484978541
99.89702724261132
219.8440248956795
96.09236973473116
200.0859966693985
83.10637202797199
194.2006729613734
83.10637202797199
194.2006729613734
56.20717960139738
182.0098148933445
53.21272006126009
186.2274833350297
58.3585118881119
176.4806386266095
58.3585118881119
176.4806386266095
76.55542016083797
142.0131659663058
58.95694183915965
114.6736844212414
83.10637202797199
154.2040240343348
83.10637202797199
154.2040240343348
96.52264076198429
176.1651906229247
110.9279484869879
197.5408121321448
117.7533762237762
222.0464412017167
117.7533762237762
222.0464412017167
121.4022548158347
235.1471681810581
123.5076658336932
251.9839509142613
123.2529006993007
265.5870969957082
123.2529006993007
265.5870969957082
122.9656703612282
280.9237177508983
121.2973510446714
296.8112644604183
120.5031384615385
312.1654729613734
120.5031384615385
312.1654729613734
120.0407083410941
321.1054578435269
117.6304364802837
330.0575715735913
117.7533762237762
338.9986678111588
117.7533762237762
338.9986678111588
117.9789839195683
355.4065442448215
114.6937589183918
376.2362914259855
127.1025678321678
390.6399107296139
127.1025678321678
390.6399107296139
132.2578382573064
396.6239300764275
139.2683410345903
395.256544264432
144.7010461538461
390.6399107296139
322.6591404405582
253.9025256229583
323.6778540460239
247.4266078510601
333.1826149551279
206.1860408608153
317.5327490265487
193.297915978456
317.5327490265487
193.297915978456
254.2321123928293
141.1679799271577
290.5748818376954
175.6857594254937
263.384413752589
151.1185838420108
199.1948159650337
256.433959099353
195.895101279719
226.5630440778938
193.6917114522365
211.7533807178354
208.8704
199.8608
208.8704
199.8608
231.612423424113
182.0423074202826
263.3832405134435
174.2695216298546
289.7382520504614
171.8736114901257
450.9540702682694
137.084818224144
453.5309482031938
125.7904414356105
458.3804397772377
114.2662596103634
461.7486321678322
103.0690678111588
461.7486321678322
103.0690678111588
464.9628563302413
92.38372675622604
465.6489772398826
81.49325778809227
468.3480615384616
70.66671931330472
468.3480615384616
70.66671931330472
471.6181742469238
57.54967770267471
474.2267665442481
43.62433912835148
478.2472055944056
30.67007038626609
439.2579618474728
105.1618074558854
439.6499061572378
96.47915591979107
441.9022717438195
88.05218751903951
441.4003916083916
79.27359313304721
441.4003916083916
79.27359313304721
440.5065126203892
63.63838362401779
436.7029080825694
48.04803032215373
433.7010573426574
32.69521716738198
433.7010573426574
32.69521716738198
433.2128474096493
30.19829225965084
432.2796235319295
22.6940572652217
433.151104895105
25.10091673819742
178.4962007070407
259.2766015579459
177.8557986258358
252.5257092486783
179.3777901187544
243.6882035776144
178.8466460517583
233.9055021151295
178.8466460517583
233.9055021151295
178.8466460447535
233.9055019861146
178.8466460377487
233.9055018570998
178.8466460307034
233.9055017997506
178.8466460307034
233.9055017997506
178.8503677263013
227.3129483504692
178.9995985361787
226.9146107912024
178.9184
223.3616
178.9184
223.3616
178.2132028203218
192.5042310468238
179.9542170337086
193.0983860610553
204.2624
175.8992
204.2624
175.8992
221.594739252955
163.6357524153621
236.3074244858481
151.0659648971696
256.7936
155.1632
256.7936
155.1632
260.2610681519252
155.8566936303851
263.8592
155.4704
267.3920000000001
155.624
0
0
0
0
0
0
0

1
0
0
0
0
0
0
0.5417024220987249
0.2867836352287367
0.2372160933373501
0.07079772162047671
1
0.5417024220987249
0.2867836352287367
0.2372160933373501
0.6
0.3176470588235294
0.2627450980392157
0.6
0.3176470588235294
0.2627450980392157
0.1000000000000001
0
0.3333333333333333
0.6666666666666666
0.4980392156862745
0.3333333333333333
0.6666666666666666
0.4980392156862745

0
0.3333333333333333
0.6666666666666666
0.4980392156862745
0.3333333333333333
0.6666666666666666
0.4980392156862745

1
1
0.8666666666666667
0.8705882352941177
1
1
1
1
0.9878787878787879
0.9882352941176471
0.9
0
1
0.9878787878787879
0.9882352941176471
1
0.8666666666666667
0.8705882352941177

1
0.6
0.3176470588235294
0.2627450980392157
0.6
0.3176470588235294
0.2627450980392157
0.42
0.2223529411764706
0.183921568627451
0.4
0
0.42
0.2223529411764706
0.183921568627451
0.12
0.06352941176470586
0.05254901960784313

1
0.12
0.06352941176470586
0.05254901960784313
0
0
0
0
0
0
0.3999999999999999
0
0.3333333333333333
0.6666666666666666
0.4980392156862745
0.3333333333333333
0.6666666666666666
0.4980392156862745

0
0.3333333333333333
0.6666666666666666
0.4980392156862745
0.3333333333333333
0.6666666666666666
0.4980392156862745

0
1
0.8666666666666667
0.8705882352941177
1
0.9878787878787879
0.9882352941176471

1
1
0.9878787878787879
0.9882352941176471
1
1
1
1
0.8666666666666667
0.8705882352941177
0.1000000000000001
1
1
1
1
0.8156862745098039
0.6039215686274509
0.5607843137254902
0.8324420677361855
0.6399286987522281
0.6007130124777185
0.9
0
0.8324420677361855
0.6399286987522281
0.6007130124777185
1
1
1

0
0.8156862745098039
0.6039215686274509
0.5607843137254902
0.907843137254902
0.8019607843137255
0.7803921568627451

0
0.907843137254902
0.8019607843137255
0.7803921568627451
1
1
1

0
1
1
1
0.8156862745098039
0.6039215686274509
0.5607843137254902

0
0.8156862745098039
0.6039215686274509
0.5607843137254902
0.8156862745098039
0.6039215686274509
0.5607843137254902

0
0.8156862745098039
0.6039215686274509
0.5607843137254902
0.907843137254902
0.8019607843137255
0.7803921568627451

0
0.907843137254902
0.8019607843137255
0.7803921568627451
1
1
1

1
0.8156862745098039
0.6039215686274509
0.5607843137254902
0.8156862745098039
0.6039215686274509
0.5607843137254902
0.8324420677361855
0.6399286987522281
0.6007130124777185
0.9
0
0.8324420677361855
0.6399286987522281
0.6007130124777185
1
1
1

0
0.8156862745098039
0.6039215686274509
0.5607843137254902
0.8745098039215686
0.7346405228758169
0.7045751633986927

1
0.8745098039215686
0.7346405228758169
0.7045751633986927
0.8862745098039215
0.7607843137254902
0.7333333333333333
0.9368191721132898
0.8671023965141613
0.8518518518518519
0.2
0
0.9368191721132898
0.8671023965141613
0.8518518518518519
1
1
1

0
0
0
0
0
0
0

0
0
0
0
0
0
0

0
0.6666666666666666
0.6666666666666666
1
0.7741935483870968
0.7741935483870968
1

0
0.7741935483870968
0.7741935483870968
1
0.8817204301075269
0.8817204301075269
1

0
0.8817204301075269
0.8817204301075269
1
0.989247311827957
0.989247311827957
1

1
0.989247311827957
0.989247311827957
1
1
1
1
1
1
1
0.1000000000000001
0
0.6
0.3176470588235294
0.2627450980392157
0.5490196078431373
0.2686274509803921
0.2980392156862745

0
0.5490196078431373
0.2686274509803921
0.2980392156862745
0.4980392156862745
0.2196078431372549
0.3333333333333333

0
0.6666666666666666
0.6666666666666666
1
0.6666666666666666
0.6666666666666666
1

0
0.6666666666666666
0.6666666666666666
1
0.7777777777777778
0.7777777777777778
1

0
0.7777777777777778
0.7777777777777778
1
0.8888888888888888
0.8888888888888888
1

0
0.8888888888888888
0.8888888888888888
1
1
1
1

0
0.6666666666666666
0.6666666666666666
1
0.3333333333333333
0.3333333333333333
1

0
0.3333333333333333
0.3333333333333333
1
0.3333333333333333
0.3333333333333333
1

0
0.8156862745098039
0.6039215686274509
0.5607843137254902
0.9473389355742297
0.8868347338935574
0.8745098039215686

1
0.9473389355742297
0.8868347338935574
0.8745098039215686
1
1
1
0.9308823529411765
0.8514705882352942
0.8352941176470589
0.3999999999999999
0
0.9308823529411765
0.8514705882352942
0.8352941176470589
0.8156862745098039
0.6039215686274509
0.5607843137254902

0
0.6
0.3176470588235294
0.2627450980392157
0.6718954248366014
0.4130718954248366
0.3620915032679739

0
0.6718954248366014
0.4130718954248366
0.3620915032679739
0.7437908496732026
0.5084967320261438
0.4614379084967321

0
0.7437908496732026
0.5084967320261438
0.4614379084967321
0.8156862745098039
0.6039215686274509
0.5607843137254902

0
0.3333333333333333
0.05882352941176471
0.4509803921568628
0.4166666666666666
0.2107843137254902
0.5882352941176471

0
0.4166666666666666
0.2107843137254902
0.5882352941176471
0.5
0.3627450980392157
0.7254901960784313

0
0.5
0.3627450980392157
0.7254901960784313
0.5833333333333334
0.5147058823529411
0.8627450980392157

0
0.5833333333333334
0.5147058823529411
0.8627450980392157
0.6666666666666666
0.6666666666666666
1

0
0.9568627450980393
0.4117647058823529
0.09411764705882353
0.8313725490196079
0.396078431372549
0.2745098039215687

0
0.9568627450980393
0.7647058823529411
0
0.9568627450980393
0.6764705882352942
0.02352941176470588

0
0.9568627450980393
0.6764705882352942
0.02352941176470588
0.9568627450980393
0.5882352941176471
0.04705882352941176

0
1
1
1
0.8333333333333333
0.8333333333333333
1

0
0.8333333333333333
0.8333333333333333
1
0.6666666666666666
0.6666666666666666
1

0
1
1
1
1
1
1

0
1
1
1
1
1
1

0
1
1
1
1
1
1

0
0
0
0
0.1666666666666667
0.02941176470588235
0.2254901960784314

0
0.1666666666666667
0.02941176470588235
0.2254901960784314
0.3333333333333333
0.05882352941176471
0.4509803921568628

0
0.6666666666666666
0.6666666666666666
1
0.5
0.5
1

0
0.5
0.5
1
0.3333333333333333
0.3333333333333333
1

0
0
0
0
0
0
0

0
1
1
1
0.6666666666666666
0.6666666666666666
1

0
0.6666666666666666
0.6666666666666666
1
0.3333333333333333
0.3333333333333333
1

0
0
0
0
0
0
0

0
0
0
0
0
0
0

0
0.6
0.3176470588235294
0.2627450980392157
0.6718954248366014
0.4130718954248366
0.3620915032679739

0
0.6718954248366014
0.4130718954248366
0.3620915032679739
0.7437908496732026
0.5084967320261438
0.4614379084967321

0
0.7437908496732026
0.5084967320261438
0.4614379084967321
0.8156862745098039
0.6039215686274509
0.5607843137254902

0
0.4549019607843137
0.9176470588235294
0.6784313725490196
0.4549019607843137
0.9176470588235294
0.6784313725490196

0
0.4549019607843137
0.9176470588235294
0.6784313725490196
0.4549019607843137
0.9176470588235294
0.6784313725490196

0
1
1
1
1
1
1

0
1
1
1
1
1
1

0
1
1
1
1
1
1

0
1
1
1
1
1
1

0
1
1
1
1
1
1

0
0
0
0
0
0
0

0
0
0
0
0
0
0

0
0
0
0
0
0
0

0
0
0
0
0
0
0

0
0
0
0
0
0
0

0
0.6
0.3176470588235294
0.2627450980392157
0.6
0.3176470588235294
0.2627450980392157

0
0.6
0.3176470588235294
0.2627450980392157
0.6
0.3176470588235294
0.2627450980392157

0
0.6
0.3176470588235294
0.2627450980392157
0.6
0.3176470588235294
0.2627450980392157

0
0.6
0.3176470588235294
0.2627450980392157
0.6
0.3176470588235294
0.2627450980392157

0
0.6
0.3176470588235294
0.2627450980392157
0.6
0.3176470588235294
0.2627450980392157

0
0.6
0.3176470588235294
0.2627450980392157
0.6
0.3176470588235294
0.2627450980392157

0
0.6
0.3176470588235294
0.2627450980392157
0.6718954248366014
0.4130718954248366
0.3620915032679739

0
0.6718954248366014
0.4130718954248366
0.3620915032679739
0.7437908496732026
0.5084967320261438
0.4614379084967321

0
0.7437908496732026
0.5084967320261438
0.4614379084967321
0.8156862745098039
0.6039215686274509
0.5607843137254902

0
0.8156862745098039
0.6039215686274509
0.5607843137254902
0.8156862745098039
0.6039215686274509
0.5607843137254902

0
0.8156862745098039
0.6039215686274509
0.5607843137254902
0.8156862745098039
0.6039215686274509
0.5607843137254902

0
0.8156862745098039
0.6039215686274509
0.5607843137254902
0.8156862745098039
0.6039215686274509
0.5607843137254902

0
1
1
1
1
1
1

0
1
1
1
1
1
1

0
1
1
1
1
1
1

0
0.4549019607843137
0.9176470588235294
0.6784313725490196
0.4549019607843137
0.9176470588235294
0.6784313725490196

0
0.4549019607843137
0.9176470588235294
0.6784313725490196
0.4549019607843137
0.9176470588235294
0.6784313725490196

0
1
1
1
1
1
1

0
1
1
1
1
1
1

0
0.8156862745098039
0.6039215686274509
0.5607843137254902
0.7078431372549019
0.4607843137254902
0.4117647058823529

0
0.7078431372549019
0.4607843137254902
0.4117647058823529
0.6
0.3176470588235294
0.2627450980392157

0
0.6
0.3176470588235294
0.2627450980392157
0.6
0.3176470588235294
0.2627450980392157

0
0.6
0.3176470588235294
0.2627450980392157
0.6
0.3176470588235294
0.2627450980392157

0
0.6
0.3176470588235294
0.2627450980392157
0.6
0.3176470588235294
0.2627450980392157

0
0.6
0.3176470588235294
0.2627450980392157
0.6
0.3176470588235294
0.2627450980392157

0
0.6
0.3176470588235294
0.2627450980392157
0.6
0.3176470588235294
0.2627450980392157

0
0.6
0.3176470588235294
0.2627450980392157
0.6
0.3176470588235294
0.2627450980392157

0
0.6
0.3176470588235294
0.2627450980392157
0.6
0.3176470588235294
0.2627450980392157

0
0.6
0.3176470588235294
0.2627450980392157
0.6
0.3176470588235294
0.2627450980392157

0
0.8156862745098039
0.6039215686274509
0.5607843137254902
0.8156862745098039
0.6039215686274511
0.5607843137254902

0
0.8156862745098039
0.6039215686274511
0.5607843137254902
0.8156862745098039
0.6039215686274509
0.5607843137254902

0
0.8156862745098039
0.6039215686274509
0.5607843137254902
0.8156862745098039
0.6039215686274509
0.5607843137254902

0
0.8156862745098039
0.6039215686274509
0.5607843137254902
0.8156862745098039
0.6039215686274509
0.5607843137254902

0
0.8156862745098039
0.6039215686274509
0.5607843137254902
0.8156862745098039
0.6039215686274509
0.5607843137254902

0
0.6
0.3176470588235294
0.2627450980392157
0.6
0.3176470588235294
0.2627450980392157

0
0.6
0.3176470588235294
0.2627450980392157
0.6
0.3176470588235294
0.2627450980392157

0
0.6
0.3176470588235294
0.2627450980392157
0.6
0.3176470588235294
0.2627450980392157

0
0.3333333333333333
0
1
0.4259259259259259
0.1851851851851852
1

0
0.4259259259259259
0.1851851851851852
1
0.5185185185185185
0.3703703703703703
1

0
0.5185185185185185
0.3703703703703703
1
0.611111111111111
0.5555555555555555
1

1
0.611111111111111
0.5555555555555555
1
0.6666666666666666
0.6666666666666666
1
0.7058823529411764
0.7058823529411764
1
0.6000000000000001
0
0.7058823529411764
0.7058823529411764
1
0.803921568627451
0.803921568627451
1

0
0.803921568627451
0.803921568627451
1
0.9019607843137255
0.9019607843137255
1

0
0.9019607843137255
0.9019607843137255
1
1
1
1

0
0.9568627450980393
0.4117647058823529
0.09411764705882353
0.9568627450980391
0.6323529411764706
0.03529411764705882

1
0.9568627450980391
0.6323529411764706
0.03529411764705882
0.9568627450980393
0.7647058823529411
0
0.9568627450980393
0.7647058823529411
0
0.6000000000000001
0
0.9568627450980393
0.7647058823529411
0
0.9568627450980393
0.7647058823529411
0

0
0
0
0
0
0
0

0
0
0
0
0
0
0

0
0
0
0
0
0
0

0
0
0
0
0
0
0

0
0.9568627450980393
0.7647058823529411
0
0.9640522875816994
0.8039215686274509
0.1666666666666667

0
0.9640522875816994
0.8039215686274509
0.1666666666666667
0.9712418300653596
0.8431372549019609
0.3333333333333333

0
0.9712418300653596
0.8431372549019609
0.3333333333333333
0.9784313725490197
0.8823529411764706
0.5

0
0.9784313725490197
0.8823529411764706
0.5
0.9856209150326798
0.9215686274509804
0.6666666666666666

0
0.9856209150326798
0.9215686274509804
0.6666666666666666
0.9928104575163399
0.9607843137254902
0.8333333333333334

0
0.9928104575163399
0.9607843137254902
0.8333333333333334
1
1
1

0
0
0
0
0.1588235294117647
0.1274509803921569
0

0
0.1588235294117647
0.1274509803921569
0
0.3176470588235294
0.2549019607843137
0

0
0.9686274509803922
0.8235294117647058
0
0.9663650075414781
0.7443438914027148
0.01809954751131222

0
0.9663650075414781
0.7443438914027148
0.01809954751131222
0.964102564102564
0.665158371040724
0.03619909502262443

0
0.964102564102564
0.665158371040724
0.03619909502262443
0.96184012066365
0.5859728506787331
0.05429864253393665

0
0.96184012066365
0.5859728506787331
0.05429864253393665
0.9595776772247361
0.5067873303167421
0.07239819004524886

0
0.9595776772247361
0.5067873303167421
0.07239819004524886
0.9573152337858221
0.4276018099547511
0.09049773755656107

1
0.9573152337858221
0.4276018099547511
0.09049773755656107
0.9568627450980393
0.4117647058823529
0.09411764705882353
0.9568627450980393
0.4405228758169935
0.08823529411764705
0.2000000000000002
0
0.9568627450980393
0.4405228758169935
0.08823529411764705
0.9568627450980391
0.4764705882352941
0.08088235294117646

0
0.9568627450980391
0.4764705882352941
0.08088235294117646
0.9568627450980391
0.5124183006535948
0.07352941176470587

0
0.9568627450980391
0.5124183006535948
0.07352941176470587
0.9568627450980393
0.5483660130718955
0.06617647058823529

0
0.9568627450980393
0.5483660130718955
0.06617647058823529
0.9568627450980393
0.5843137254901961
0.05882352941176471

0
0
0
0
0
0
0

0
0
0
0
0
0
0

0
0
0
0
0
0
0

0
0
0
0
0
0
0

0
0
0
0
0
0
0

0
0
0
0
0
0
0

0
0
0
0
0
0
0

0
0
0
0
0
0
0

0
0
0
0
0
0
0

0
0
0
0
0
0
0

0
0
0
0
0
0
0

0
0
0
0
0
0
0

0
0
0
0
0
0
0

0
0
0
0
0
0
0

0
0
0
0
0
0
0

0
0
0
0
0
0
0

0
0
0
0
0
0
0

0
0
0
0
0
0
0

0
0
0
0
0
0
0

0
0
0
0
0
0
0

0
0
0
0
0
0
0

0
0
0
0
0
0
0

0
0
0
0
0
0
0

0
0
0
0
0
0
0

0
0
0
0
0
0
0

0
0
0
0
0
0
0

0
0
0
0
0
0
0

0
0
0
0
0
0
0

0
0
0
0
0
0
0

0
0
0
0
0
0
0

0
0
0
0
0
0
0

0
0.9568627450980393
0.4117647058823529
0.09411764705882353
0.9464052287581699
0.3986928104575163
0.08714596949891067

0
0.9464052287581699
0.3986928104575163
0.08714596949891067
0.9359477124183008
0.3856209150326797
0.08017429193899782

0
0.9359477124183008
0.3856209150326797
0.08017429193899782
0.9254901960784314
0.3725490196078431
0.07320261437908498

0
0.9254901960784314
0.3725490196078431
0.07320261437908498
0.9150326797385622
0.3594771241830065
0.06623093681917211

0
0.9150326797385622
0.3594771241830065
0.06623093681917211
0.9045751633986929
0.3464052287581699
0.05925925925925926

0
0.9045751633986929
0.3464052287581699
0.05925925925925926
0.8941176470588235
0.3333333333333334
0.05228758169934641

0
0.8941176470588235
0.3333333333333334
0.05228758169934641
0.8836601307189542
0.3202614379084968
0.04531590413943355

0
0.8836601307189542
0.3202614379084968
0.04531590413943355
0.873202614379085
0.3071895424836601
0.0383442265795207

0
0.873202614379085
0.3071895424836601
0.0383442265795207
0.8627450980392157
0.2941176470588235
0.03137254901960784

0
0.9568627450980393
0.7647058823529411
0
0.9568627450980393
0.7142857142857143
0.0134453781512605

0
0.9568627450980393
0.7142857142857143
0.0134453781512605
0.9568627450980391
0.6638655462184874
0.02689075630252101

0
0.9568627450980391
0.6638655462184874
0.02689075630252101
0.9568627450980391
0.6134453781512604
0.04033613445378151

0
0.9568627450980391
0.6134453781512604
0.04033613445378151
0.9568627450980391
0.5630252100840336
0.05378151260504201

0
0.9568627450980391
0.5630252100840336
0.05378151260504201
0.9568627450980391
0.5126050420168067
0.06722689075630252

0
0.9568627450980391
0.5126050420168067
0.06722689075630252
0.9568627450980393
0.4621848739495799
0.08067226890756302

0
0.9568627450980393
0.4621848739495799
0.08067226890756302
0.9568627450980393
0.4117647058823529
0.09411764705882353

0
0.9568627450980393
0.7647058823529411
0
0.9654901960784315
0.8117647058823529
0.2

0
0.9654901960784315
0.8117647058823529
0.2
0.9741176470588235
0.8588235294117647
0.4

0
0.9741176470588235
0.8588235294117647
0.4
0.9827450980392157
0.9058823529411765
0.6

0
0.9827450980392157
0.9058823529411765
0.6
0.9913725490196079
0.9529411764705882
0.8

0
0.9913725490196079
0.9529411764705882
0.8
1
1
1

0
0
0
0
0
0
0

0
0
0
0
0
0
0

0
0
0
0
0
0
0

0
0
0
0
0
0
0

0
0
0
0
0
0
0

0
0
0
0
0
0
0

0
0
0
0
0
0
0

0
0.9568627450980393
0.7647058823529411
0
0.9568627450980393
0.7647058823529411
0

0
0.9568627450980393
0.7647058823529411
0
0.9568627450980393
0.7647058823529411
0

0
0.9568627450980393
0.7647058823529411
0
0.9568627450980393
0.7647058823529411
0

0
0.9568627450980393
0.7647058823529411
0
0.9568627450980393
0.7647058823529411
0

0
0.9568627450980393
0.7647058823529411
0
0.9568627450980393
0.676470588235294
0.02352941176470588

0
0.9568627450980393
0.676470588235294
0.02352941176470588
0.9568627450980393
0.588235294117647
0.04705882352941176

0
0.9568627450980393
0.588235294117647
0.04705882352941176
0.9568627450980393
0.5
0.07058823529411765

0
0.9568627450980393
0.5
0.07058823529411765
0.9568627450980393
0.4117647058823529
0.09411764705882353

0
0
0
0
0
0
0

0
0
0
0
0
0
0

0
0.3333333333333333
0.05882352941176471
0.4509803921568628
0.3333333333333333
0.05882352941176471
0.4509803921568628

0
0.3333333333333333
0.05882352941176471
0.4509803921568628
0.3333333333333333
0.05882352941176471
0.4509803921568628

0
0.3333333333333333
0.05882352941176471
0.4509803921568628
0.3333333333333333
0.05882352941176471
0.4509803921568627

0
0.3333333333333333
0.05882352941176471
0.4509803921568627
0.3333333333333333
0.05882352941176471
0.4509803921568628

0
0.3333333333333333
0.05882352941176471
0.4509803921568628
0.3333333333333333
0.05882352941176471
0.4509803921568628

0
0.3333333333333333
0.05882352941176471
0.4509803921568628
0.3333333333333333
0.05882352941176471
0.4509803921568628

0
0.3333333333333333
0.05882352941176471
0.4509803921568628
0.3333333333333333
0.05882352941176471
0.4509803921568628

0
0.3333333333333333
0.05882352941176471
0.4509803921568628
0.3333333333333333
0.05882352941176471
0.4509803921568628

0
0.3333333333333333
0.05882352941176471
0.4509803921568628
0.3333333333333333
0.05882352941176471
0.4509803921568628

0
0.3333333333333333
0.05882352941176471
0.4509803921568628
0.3333333333333333
0.05882352941176471
0.4509803921568628

0
1
1
1
1
1
1

0
1
1
1
1
1
1

0
1
1
1
1
1
1

0
1
1
1
1
1
1

0
1
1
1
1
1
1

0
1
1
1
1
1
1

0
1
1
1
0.9552941176470588
0.9254901960784314
0.9913725490196079

0
0.9552941176470588
0.9254901960784314
0.9913725490196079
0.9105882352941177
0.8509803921568627
0.9827450980392157

0
0.9105882352941177
0.8509803921568627
0.9827450980392157
0.8658823529411765
0.7764705882352941
0.9741176470588235

0
0.8658823529411765
0.7764705882352941
0.9741176470588235
0.8211764705882353
0.7019607843137254
0.9654901960784315

0
0.8211764705882353
0.7019607843137254
0.9654901960784315
0.7764705882352941
0.6274509803921569
0.9568627450980393

0
1
1
1
0.9654901960784315
0.9325490196078432
0.9843137254901961

0
0.9654901960784315
0.9325490196078432
0.9843137254901961
0.9309803921568627
0.8650980392156862
0.9686274509803922

0
0.9309803921568627
0.8650980392156862
0.9686274509803922
0.8964705882352941
0.7976470588235294
0.9529411764705882

0
0.8964705882352941
0.7976470588235294
0.9529411764705882
0.8619607843137255
0.7301960784313725
0.9372549019607843

0
0.8619607843137255
0.7301960784313725
0.9372549019607843
0.8274509803921568
0.6627450980392157
0.9215686274509803

0
1
1
1
1
1
1

0
1
1
1
1
1
1

0
1
1
1
1
1
1

0
1
1
1
1
1
1

0
1
1
1
1
1
1

0
1
1
1
1
1
1

0
1
1
1
1
1
1

0
1
1
1
1
1
1

0
1
1
1
1
1
1

0
1
1
1
1
1
1

0
0.9568627450980393
0.7647058823529411
0
0.9568627450980393
0.7647058823529411
0

0
0.9568627450980393
0.7647058823529411
0
0.9568627450980393
0.7647058823529411
0

0
0.9568627450980393
0.7647058823529411
0
0.9568627450980393
0.6470588235294118
0.03137254901960784

0
0.9568627450980393
0.6470588235294118
0.03137254901960784
0.9568627450980391
0.5294117647058824
0.06274509803921569

0
0.9568627450980391
0.5294117647058824
0.06274509803921569
0.9568627450980393
0.4117647058823529
0.09411764705882353

0
0.8705882352941177
0.3058823529411765
0.03529411764705882
0.8823529411764707
0.3209150326797386
0.04313725490196078

0
0.8823529411764707
0.3209150326797386
0.04313725490196078
0.8941176470588236
0.3359477124183007
0.05098039215686274

0
0.8941176470588236
0.3359477124183007
0.05098039215686274
0.9058823529411765
0.3509803921568627
0.05882352941176471

0
0.9058823529411765
0.3509803921568627
0.05882352941176471
0.9176470588235295
0.3660130718954248
0.06666666666666667

0
0.9176470588235295
0.3660130718954248
0.06666666666666667
0.9294117647058824
0.3810457516339869
0.07450980392156863

0
0.9294117647058824
0.3810457516339869
0.07450980392156863
0.9411764705882353
0.396078431372549
0.08235294117647059

0
0.3333333333333333
0.05882352941176471
0.4509803921568628
0.3333333333333333
0.1137254901960784
0.5607843137254902

0
0.3333333333333333
0.1137254901960784
0.5607843137254902
0.3333333333333333
0.1686274509803922
0.6705882352941177

0
0.3333333333333333
0.1686274509803922
0.6705882352941177
0.3333333333333333
0.2235294117647059
0.7803921568627451

0
0.3333333333333333
0.2235294117647059
0.7803921568627451
0.3333333333333333
0.2784313725490196
0.8901960784313726

0
0.3333333333333333
0.2784313725490196
0.8901960784313726
0.3333333333333333
0.3333333333333333
1

0
1
1
1
1
1
1

0
1
1
1
1
1
1

0
0.9568627450980393
0.4117647058823529
0.09411764705882353
0.9568627450980394
0.4117647058823529
0.09411764705882354

0
0.9568627450980394
0.4117647058823529
0.09411764705882354
0.9568627450980393
0.4117647058823529
0.09411764705882353

0
0.9568627450980393
0.4117647058823529
0.09411764705882353
0.9568627450980393
0.4117647058823529
0.09411764705882353

0
0.9568627450980393
0.4117647058823529
0.09411764705882353
0.9568627450980394
0.4117647058823529
0.09411764705882353

0
0.9568627450980394
0.4117647058823529
0.09411764705882353
0.9568627450980393
0.4117647058823529
0.09411764705882353

0
0.9568627450980393
0.7647058823529411
0
0.943222506393862
0.6965046888320545
0.004546746234725774

0
0.943222506393862
0.6965046888320545
0.004546746234725774
0.9295822676896845
0.6283034953111679
0.009093492469451549

0
0.9295822676896845
0.6283034953111679
0.009093492469451549
0.9159420289855074
0.5601023017902813
0.01364023870417732

0
0.9159420289855074
0.5601023017902813
0.01364023870417732
0.90230179028133
0.4919011082693947
0.0181869849389031

0
0.90230179028133
0.4919011082693947
0.0181869849389031
0.8886615515771527
0.4236999147485081
0.02273373117362887

0
0.8886615515771527
0.4236999147485081
0.02273373117362887
0.8750213128729754
0.3554987212276215
0.02728047740835465

1
0.8750213128729754
0.3554987212276215
0.02728047740835465
0.8627450980392157
0.2941176470588235
0.03137254901960784
0.8627450980392157
0.2941176470588235
0.03137254901960784
0.9000000000000004
0
0.8627450980392157
0.2941176470588235
0.03137254901960784
0.8627450980392157
0.2941176470588235
0.03137254901960784

0
0.8627450980392157
0.2941176470588235
0.03137254901960784
0.8627450980392157
0.2941176470588235
0.03137254901960784

0
0.8627450980392157
0.2941176470588235
0.03137254901960784
0.8627450980392157
0.2941176470588235
0.03137254901960784

0
0.8627450980392157
0.2941176470588235
0.03137254901960784
0.8627450980392157
0.2941176470588235
0.03137254901960784

0
0.8627450980392157
0.2941176470588235
0.03137254901960784
0.8627450980392157
0.2941176470588235
0.03137254901960784

0
0.8627450980392157
0.2941176470588235
0.03137254901960784
0.8627450980392157
0.2941176470588235
0.03137254901960784

0
1
1
1
1
1
1

0
1
1
1
1
1
1

0
0.3333333333333333
0.3333333333333333
0.4980392156862745
0.3333333333333333
0.3333333333333333
0.4980392156862745

0
0.3333333333333333
0.3333333333333333
0.4980392156862745
0.3333333333333333
0.3333333333333333
0.4980392156862745

0
0
0
0
0.3333333333333333
0.3333333333333333
0.3333333333333333

0
0.3333333333333333
0.3333333333333333
0.3333333333333333
0.6666666666666666
0.6666666666666666
0.6666666666666666

0
0.6666666666666666
0.6666666666666666
0.6666666666666666
1
1
1

0
0.6
0.3137254901960784
0.6705882352941176
0.7333333333333334
0.542483660130719
0.7803921568627451

0
0.7333333333333334
0.542483660130719
0.7803921568627451
0.8666666666666667
0.7712418300653594
0.8901960784313725

0
0.8666666666666667
0.7712418300653594
0.8901960784313725
1
1
1

0
0.6666666666666666
0.6666666666666666
1
0.6666666666666666
0.6666666666666666
1

0
0.6666666666666666
0.6666666666666666
1
0.6666666666666666
0.6666666666666666
1

0
0.6666666666666666
0.6666666666666666
1
0.6666666666666666
0.6666666666666666
1

0
0.6666666666666666
0.6666666666666666
1
0.6666666666666666
0.6666666666666666
1

0
0.6666666666666666
0.6666666666666666
1
0.6666666666666666
0.6666666666666666
1

0
0.6666666666666666
0.6666666666666666
1
0.6666666666666666
0.6666666666666666
1

1
1
0.8666666666666667
0.8705882352941177
0.5098039215686274
0.5098039215686274
0.5098039215686274
0.1884214366859945
0.1884214366859945
0.1884214366859945
0.2
1
0.1884214366859945
0.1884214366859945
0.1884214366859945
0
0
0
0.4290074153293551
0.4290074153293551
0.4290074153293551
0.4690272694974151
1
0.4290074153293551
0.4290074153293551
0.4290074153293551
0.5098039215686274
0.5098039215686274
0.5098039215686274
1
0.8666666666666667
0.8705882352941177
0.1000000000000001
1
0.5098039215686274
0.5098039215686274
0.5098039215686274
1
1
1
1
1
1
0.2847789950112558
1
1
1
1
1
1
1
0.5098039215686274
0.5098039215686274
0.5098039215686274
0.5
0
0
0
0
0.407843137254902
0.3019607843137255
0.2803921568627451

0
0.407843137254902
0.3019607843137255
0.2803921568627451
0.8156862745098039
0.6039215686274509
0.5607843137254902

1
1
0.8666666666666667
0.8705882352941177
0.5098039215686274
0.5098039215686274
0.5098039215686274
0.2544441808562553
0.2544441808562553
0.2544441808562553
0.4
1
0.2544441808562553
0.2544441808562553
0.2544441808562553
0
0
0
0.2919859198062879
0.2919859198062879
0.2919859198062879
0.5978487763492488
1
0.2919859198062879
0.2919859198062879
0.2919859198062879
0.5098039215686274
0.5098039215686274
0.5098039215686274
1
0.8666666666666667
0.8705882352941177
0.2999999999999998
1
0.5098039215686274
0.5098039215686274
0.5098039215686274
1
1
1
1
1
1
0.5
1
1
1
1
1
1
1
0.5098039215686274
0.5098039215686274
0.5098039215686274
0.6000000000000001
0
0.8156862745098039
0.6039215686274509
0.5607843137254902
0.407843137254902
0.3019607843137255
0.2803921568627451

0
0.407843137254902
0.3019607843137255
0.2803921568627451
0
0
0

1
0.6
0.3176470588235294
0.2627450980392157
0.6
0.3176470588235294
0.2627450980392157
0.6000000000000001
0.3176470588235294
0.2627450980392157
0.9
0
0.6000000000000001
0.3176470588235294
0.2627450980392157
0.6
0.3176470588235294
0.2627450980392157

0
0.6
0.3176470588235294
0.2627450980392157
0.6
0.3176470588235294
0.2627450980392157

0
0.6
0.3176470588235294
0.2627450980392157
0.6
0.3176470588235294
0.2627450980392157

0
0.6
0.3176470588235294
0.2627450980392157
0.6
0.3176470588235294
0.2627450980392157

0
0.6
0.3176470588235294
0.2627450980392157
0.6
0.3176470588235294
0.2627450980392157

0
0.6
0.3176470588235294
0.2627450980392157
0.6
0.3176470588235294
0.2627450980392157

0
0.6
0.3176470588235294
0.2627450980392157
0.6
0.3176470588235294
0.2627450980392157

1
0.6
0.3176470588235294
0.2627450980392157
0.6
0.3176470588235294
0.2627450980392157
0.6196078431372549
0.3436720142602495
0.2898395721925134
0.9
0
0.6196078431372549
0.3436720142602495
0.2898395721925134
0.8156862745098039
0.6039215686274509
0.5607843137254902

0
0.6
0.3176470588235294
0.2627450980392157
0.796078431372549
0.5778966131907308
0.5336898395721925

1
0.796078431372549
0.5778966131907308
0.5336898395721925
0.8156862745098039
0.6039215686274509
0.5607843137254902
0.7135190918472653
0.4683178534571724
0.419607843137255
0.1000000000000001
0
0.7135190918472653
0.4683178534571724
0.419607843137255
0.6
0.3176470588235294
0.2627450980392157

0
1
1
1
0.7274509803921568
0.9588235294117646
0.8392156862745098

0
0.7274509803921568
0.9588235294117646
0.8392156862745098
0.4549019607843137
0.9176470588235294
0.6784313725490196

0
0.6
0.3176470588235294
0.2627450980392157
0.6000000000000001
0.3176470588235294
0.2627450980392157

0
0.6000000000000001
0.3176470588235294
0.2627450980392157
0.6
0.3176470588235294
0.2627450980392157

0
0.6
0.3176470588235294
0.2627450980392157
0.6
0.3176470588235294
0.2627450980392157

1
0.6
0.3176470588235294
0.2627450980392157
0.6
0.3176470588235294
0.2627450980392157
0.5137254901960784
0.2352941176470588
0.3176470588235294
0.1000000000000001
0
0.3333333333333333
0
1
0.3333333333333333
0.0607843137254902
1

0
0.3333333333333333
0.0607843137254902
1
0.3333333333333333
0.1215686274509804
1

0
0.3333333333333333
0.3333333333333333
1
0.3333333333333333
0.2784313725490196
0.8901960784313725

0
0.3333333333333333
0.3333333333333333
1
0.3333333333333334
0.2418300653594772
0.8169934640522877

0
0.3333333333333334
0.2418300653594772
0.8169934640522877
0.3333333333333333
0.1503267973856209
0.6339869281045751

0
0.3333333333333333
0.1503267973856209
0.6339869281045751
0.3333333333333333
0.05882352941176471
0.4509803921568628

0
0.3333333333333333
0.05882352941176471
0.4509803921568628
0.3333333333333333
0.05882352941176471
0.4509803921568628

0
0.6666666666666666
0.6666666666666666
1
0.6666666666666666
0.6666666666666666
1

0
0.3686274509803922
0.1921568627450981
0.1607843137254902
0.2457516339869281
0.1281045751633987
0.1071895424836602

0
0.2457516339869281
0.1281045751633987
0.1071895424836602
0.1228758169934641
0.06405228758169935
0.05359477124183008

0
0.1228758169934641
0.06405228758169935
0.05359477124183008
0
0
0

0
0
0
0
0.1228758169934641
0.06405228758169934
0.05359477124183007

0
0.1228758169934641
0.06405228758169934
0.05359477124183007
0.2457516339869281
0.1281045751633987
0.1071895424836601

0
0.2457516339869281
0.1281045751633987
0.1071895424836601
0.3686274509803922
0.1921568627450981
0.1607843137254902

0
0.3333333333333333
0.3333333333333333
1
0.5
0.5
1

0
0.5
0.5
1
0.6666666666666666
0.6666666666666666
1

0
0.6666666666666666
0.6666666666666666
1
0.8333333333333334
0.8333333333333334
1

0
0.8333333333333334
0.8333333333333334
1
1
1
1

0
0.3333333333333333
0.3333333333333333
1
0.4
0.4
1

0
0.3333333333333333
0.3333333333333333
1
0.3333333333333333
0.2862745098039216
0.907843137254902

0
0.3333333333333333
0.2862745098039216
0.907843137254902
0.3333333333333333
0.2392156862745098
0.8156862745098039

0
0.3333333333333333
0.3333333333333333
1
0.3333333333333333
0.196078431372549
0.7254901960784313

0
0.3333333333333333
0.196078431372549
0.7254901960784313
0.3333333333333333
0.05882352941176471
0.4509803921568628

0
0.3333333333333333
0.3333333333333333
1
0.3333333333333333
0.05882352941176471
0.4509803921568628

0
0.3333333333333333
0.05882352941176471
0.4509803921568628
0.3333333333333333
0.196078431372549
0.7254901960784313

0
0.3333333333333333
0.196078431372549
0.7254901960784313
0.3333333333333333
0.3333333333333333
1

0
0.3333333333333333
0.05882352941176471
0.4509803921568628
0.3333333333333333
0.196078431372549
0.7254901960784313

0
0.3333333333333333
0.196078431372549
0.7254901960784313
0.3333333333333333
0.3333333333333333
1

0
0.3333333333333333
0.3333333333333333
1
0.3333333333333333
0.196078431372549
0.7254901960784313

0
0.3333333333333333
0.196078431372549
0.7254901960784313
0.3333333333333333
0.05882352941176471
0.4509803921568628

0
0.3333333333333333
0.3333333333333333
1
0.3333333333333333
0.05882352941176471
0.4509803921568628

0
0.3333333333333333
0.05882352941176471
0.4509803921568628
0.3333333333333333
0.05882352941176471
0.4509803921568628

0
0.3333333333333333
0.05882352941176471
0.4509803921568628
0.3333333333333333
0.05882352941176471
0.4509803921568628

0
1
1
1
0.7274509803921568
0.9588235294117646
0.8392156862745098

0
0.7274509803921568
0.9588235294117646
0.8392156862745098
0.4549019607843137
0.9176470588235294
0.6784313725490196

0
0.6
0.3176470588235294
0.2627450980392157
0.6718954248366014
0.4130718954248366
0.3620915032679739

0
0.6718954248366014
0.4130718954248366
0.3620915032679739
0.7437908496732026
0.5084967320261438
0.4614379084967321

0
0.7437908496732026
0.5084967320261438
0.4614379084967321
0.8156862745098039
0.6039215686274509
0.5607843137254902

0
0.4549019607843137
0.9176470588235294
0.6784313725490196
0.3372549019607843
0.6803921568627451
0.503921568627451

0
0.3372549019607843
0.6803921568627451
0.503921568627451
0.2196078431372549
0.4431372549019608
0.3294117647058823

0
0.8156862745098039
0.6039215686274509
0.5607843137254902
0.8156862745098039
0.6039215686274509
0.5607843137254902

0
0.8156862745098039
0.6039215686274509
0.5607843137254902
0.8156862745098039
0.6039215686274509
0.5607843137254902

0
0.8156862745098039
0.6039215686274509
0.5607843137254902
0.8156862745098039
0.6039215686274509
0.5607843137254902

0
0
0
0
0
0
0

0
0
0
0
0
0
0

0
0.8156862745098039
0.6039215686274509
0.5607843137254902
0.8156862745098039
0.6039215686274511
0.5607843137254902

0
0.8156862745098039
0.6039215686274511
0.5607843137254902
0.8156862745098039
0.6039215686274509
0.5607843137254902

0
0.8156862745098039
0.6039215686274509
0.5607843137254902
0.8156862745098039
0.6039215686274509
0.5607843137254902

0
0.8156862745098039
0.6039215686274509
0.5607843137254902
0.8156862745098039
0.6039215686274509
0.5607843137254902

0
0.8156862745098039
0.6039215686274509
0.5607843137254902
0.8156862745098039
0.6039215686274509
0.5607843137254902

0
0.8156862745098039
0.6039215686274509
0.5607843137254902
0.8156862745098039
0.6039215686274509
0.5607843137254902

0
0.8156862745098039
0.6039215686274509
0.5607843137254902
0.8156862745098039
0.6039215686274509
0.5607843137254902

0
0.8156862745098039
0.6039215686274509
0.5607843137254902
0.8156862745098039
0.6039215686274509
0.5607843137254902

0
0.8156862745098039
0.6039215686274509
0.5607843137254902
0.8156862745098039
0.6039215686274509
0.5607843137254902

0
0.8156862745098039
0.6039215686274509
0.5607843137254902
0.8156862745098039
0.6039215686274509
0.5607843137254902

0
0.8156862745098039
0.6039215686274509
0.5607843137254902
0.8156862745098039
0.6039215686274509
0.5607843137254902

0
0.8156862745098039
0.6039215686274509
0.5607843137254902
0.8156862745098039
0.6039215686274509
0.5607843137254902

0
0.8156862745098039
0.6039215686274509
0.5607843137254902
0.8156862745098039
0.6039215686274509
0.5607843137254902

0
0.8156862745098039
0.6039215686274509
0.5607843137254902
0.8156862745098039
0.6039215686274509
0.5607843137254902

0
0.9568627450980393
0.8666666666666667
0.8156862745098039
0.9568627450980393
0.8666666666666667
0.8156862745098039

0
0.9568627450980393
0.8666666666666667
0.8156862745098039
0.9568627450980391
0.8666666666666667
0.8156862745098039

0
0.9568627450980391
0.8666666666666667
0.8156862745098039
0.9568627450980393
0.8666666666666667
0.8156862745098039

0
0.8156862745098039
0.6039215686274509
0.5607843137254902
0.8156862745098039
0.6039215686274509
0.5607843137254902

0
0.8156862745098039
0.6039215686274509
0.5607843137254902
0.8156862745098039
0.6039215686274509
0.5607843137254902

0
0.8156862745098039
0.6039215686274509
0.5607843137254902
0.8156862745098039
0.6039215686274509
0.5607843137254902

0
0.4549019607843137
0.9176470588235294
0.6784313725490196
0.3372549019607843
0.6803921568627451
0.503921568627451

0
0.3372549019607843
0.6803921568627451
0.503921568627451
0.2196078431372549
0.4431372549019608
0.3294117647058823

0
0
0
0
0
0
0

0
0
0
0
0
0
0

0
0.8156862745098039
0.6039215686274509
0.5607843137254902
0.8156862745098039
0.6039215686274509
0.5607843137254902

0
0.8156862745098039
0.6039215686274509
0.5607843137254902
0.8156862745098039
0.6039215686274509
0.5607843137254902

0
0.8156862745098039
0.6039215686274509
0.5607843137254902
0.8156862745098039
0.6039215686274509
0.5607843137254902

0
0.8156862745098039
0.6039215686274509
0.5607843137254902
0.8156862745098039
0.6039215686274509
0.5607843137254902

0
0.8156862745098039
0.6039215686274509
0.5607843137254902
0.8156862745098039
0.6039215686274509
0.5607843137254902

0
0.8156862745098039
0.6039215686274509
0.5607843137254902
0.8156862745098039
0.6039215686274509
0.5607843137254902

0
0.8156862745098039
0.6039215686274509
0.5607843137254902
0.8156862745098039
0.6039215686274509
0.5607843137254902

0
0.8156862745098039
0.6039215686274509
0.5607843137254902
0.8156862745098039
0.6039215686274509
0.5607843137254902

0
0.8156862745098039
0.6039215686274509
0.5607843137254902
0.8156862745098039
0.6039215686274509
0.5607843137254902

0
0.8156862745098039
0.6039215686274509
0.5607843137254902
0.8156862745098039
0.6039215686274509
0.5607843137254902

0
0
0
0
0
0
0

0
0
0
0
0
0
0

0
0
0
0
0
0
0

0
0
0
0
0
0
0

0
0
0
0
0
0
0

0
0.6
0.3176470588235294
0.2627450980392157
0.6
0.3176470588235294
0.2627450980392157

0
0.6
0.3176470588235294
0.2627450980392157
0.6
0.3176470588235294
0.2627450980392157

0
0.6
0.3176470588235294
0.2627450980392157
0.6
0.3176470588235294
0.2627450980392157

0
0.9568627450980393
0.4313725490196079
0.07843137254901961
0.9568627450980393
0.4527629233511587
0.07486631016042782

0
0.9568627450980393
0.4527629233511587
0.07486631016042782
0.9568627450980391
0.4741532976827095
0.07130124777183601

0
0.9568627450980391
0.4741532976827095
0.07130124777183601
0.9568627450980393
0.4955436720142603
0.0677361853832442

2
0.9568627450980393
0.4955436720142603
0.0677361853832442
0.9568627450980393
0.5019607843137255
0.06666666666666667
0
0
0
0
0
0
0.2999999999999998
0.6000000000000001
0
0
0
0
0
0
0

0
0
0
0
0
0
0

0
0
0
0
0
0
0

0
0.9568627450980393
0.4117647058823529
0.09411764705882353
0.9424836601307189
0.3947712418300654
0.08496732026143791

0
0.9424836601307189
0.3947712418300654
0.08496732026143791
0.9281045751633987
0.3777777777777778
0.0758169934640523

0
0.9281045751633987
0.3777777777777778
0.0758169934640523
0.9137254901960784
0.3607843137254902
0.06666666666666667

0
0.9568627450980393
0.7647058823529411
0
0.9676470588235294
0.8235294117647058
0.25

0
0.9676470588235294
0.8235294117647058
0.25
0.9784313725490197
0.8823529411764706
0.5

0
0.9784313725490197
0.8823529411764706
0.5
0.9892156862745098
0.9411764705882353
0.75

0
0.9892156862745098
0.9411764705882353
0.75
1
1
1

0
0
0
0
0
0
0

0
0
0
0
0
0
0

0
0
0
0
0
0
0

0
0
0
0
0
0
0

0
0
0
0
0
0
0

0
0
0
0
0
0
0

0
0.9568627450980393
0.4117647058823529
0.09411764705882353
0.9928104575163399
0.9019607843137255
0.8490196078431372

1
0.9928104575163399
0.9019607843137255
0.8490196078431372
1
1
1
0.9568627450980393
0.7647058823529411
0
0.2
0
0
0
0
0
0
0

0
0
0
0
0
0
0

0
0
0
0
0
0
0

0
0
0
0
0
0
0

0
0
0
0
0
0
0

1
0
0
0
0
0
0
0
0
0
0.2000000000000002
0
0
0
0
0
0
0

0
0
0
0
0
0
0

0
0
0
0
0
0
0

0
0
0
0
0
0
0

0
0.9568627450980393
0.5843137254901961
0.05882352941176471
0.9568627450980393
0.6100840336134454
0.05042016806722689

0
0.9568627450980393
0.6100840336134454
0.05042016806722689
0.9568627450980391
0.6358543417366946
0.04201680672268908

0
0.9568627450980391
0.6358543417366946
0.04201680672268908
0.9568627450980391
0.6616246498599438
0.03361344537815126

0
0.9568627450980391
0.6616246498599438
0.03361344537815126
0.9568627450980391
0.6873949579831933
0.02521008403361345

0
0.9568627450980391
0.6873949579831933
0.02521008403361345
0.9568627450980391
0.7131652661064425
0.01680672268907563

0
0.9568627450980391
0.7131652661064425
0.01680672268907563
0.9568627450980393
0.7389355742296918
0.008403361344537818

0
0.9568627450980393
0.7389355742296918
0.008403361344537818
0.9568627450980393
0.7647058823529411
0

1
0.9568627450980393
0.7647058823529411
0
0.9568627450980393
0.4117647058823529
0.09411764705882353
0.9568627450980391
0.4656031904287138
0.07976071784646062
0.09999999999999998
0
0.9568627450980391
0.4656031904287138
0.07976071784646062
0.9568627450980391
0.5254237288135593
0.06380857427716849

0
0.9568627450980391
0.5254237288135593
0.06380857427716849
0.9568627450980391
0.5852442671984047
0.04785643070787637

0
0.9568627450980391
0.5852442671984047
0.04785643070787637
0.9568627450980393
0.6450648055832502
0.03190428713858426

0
0.9568627450980393
0.6450648055832502
0.03190428713858426
0.9568627450980394
0.7048853439680957
0.01595214356929212

0
0.9568627450980394
0.7048853439680957
0.01595214356929212
0.9568627450980393
0.7647058823529411
0

0
0.5098039215686274
0.09803921568627451
0.09803921568627451
0.5098039215686274
0.09803921568627451
0.09803921568627451

0
0.5098039215686274
0.09803921568627451
0.09803921568627451
0.5098039215686274
0.09803921568627451
0.09803921568627451

0
0.5098039215686274
0.09803921568627451
0.09803921568627451
0.5098039215686274
0.09803921568627451
0.09803921568627451

0
0.5098039215686274
0.09803921568627451
0.09803921568627451
0.5098039215686274
0.09803921568627449
0.09803921568627449

0
0.5098039215686274
0.09803921568627449
0.09803921568627449
0.5098039215686274
0.09803921568627451
0.09803921568627451

0
0.5098039215686274
0.09803921568627451
0.09803921568627451
0.5098039215686274
0.09803921568627451
0.09803921568627451

1
0.9568627450980393
0.7647058823529411
0
1
1
1
0.9568627450980393
0.7647058823529411
0
0.3957539694781893
0
0.9568627450980393
0.7647058823529411
0
0.9450980392156862
0.6916666666666667
0.005882352941176471

0
0.9450980392156862
0.6916666666666667
0.005882352941176471
0.9333333333333333
0.6186274509803921
0.01176470588235294

0
0.9333333333333333
0.6186274509803921
0.01176470588235294
0.9215686274509804
0.5455882352941176
0.01764705882352941

0
0.9215686274509804
0.5455882352941176
0.01764705882352941
0.9098039215686275
0.4725490196078431
0.02352941176470588

0
0.9098039215686275
0.4725490196078431
0.02352941176470588
0.8980392156862746
0.3995098039215686
0.02941176470588235

0
0.8980392156862746
0.3995098039215686
0.02941176470588235
0.8862745098039216
0.3264705882352941
0.03529411764705882

0
0.8862745098039216
0.3264705882352941
0.03529411764705882
0.8745098039215686
0.2534313725490196
0.04117647058823529

0
0.8745098039215686
0.2534313725490196
0.04117647058823529
0.8627450980392157
0.1803921568627451
0.04705882352941176

0
0.5098039215686274
0.09803921568627451
0.09803921568627451
0.5098039215686274
0.09803921568627451
0.09803921568627451

0
0.5098039215686274
0.09803921568627451
0.09803921568627451
0.5098039215686274
0.09803921568627449
0.09803921568627449

0
0.5098039215686274
0.09803921568627449
0.09803921568627449
0.5098039215686274
0.09803921568627451
0.09803921568627451

0
0.9568627450980393
0.4117647058823529
0.09411764705882353
0.9246187363834423
0.3660130718954248
0.08366013071895424

0
0.9246187363834423
0.3660130718954248
0.08366013071895424
0.8923747276688454
0.3202614379084967
0.07320261437908497

0
0.8923747276688454
0.3202614379084967
0.07320261437908497
0.8601307189542484
0.2745098039215687
0.0627450980392157

0
0.8601307189542484
0.2745098039215687
0.0627450980392157
0.8278867102396514
0.2287581699346405
0.05228758169934641

0
0.8278867102396514
0.2287581699346405
0.05228758169934641
0.7956427015250545
0.1830065359477124
0.04183006535947712

0
0.7956427015250545
0.1830065359477124
0.04183006535947712
0.7633986928104575
0.1372549019607843
0.03137254901960785

0
0.7633986928104575
0.1372549019607843
0.03137254901960785
0.7311546840958605
0.0915032679738562
0.02091503267973856

0
0.7311546840958605
0.0915032679738562
0.02091503267973856
0.6989106753812636
0.04575163398692812
0.01045751633986929

0
0.6989106753812636
0.04575163398692812
0.01045751633986929
0.6666666666666666
0
0

0
0.9568627450980393
0.4117647058823529
0.09411764705882353
0.9434173669467788
0.3787114845938376
0.08739495798319329

0
0.9434173669467788
0.3787114845938376
0.08739495798319329
0.9299719887955182
0.3456582633053221
0.08067226890756302

0
0.9299719887955182
0.3456582633053221
0.08067226890756302
0.9165266106442577
0.3126050420168067
0.07394957983193276

0
0.9165266106442577
0.3126050420168067
0.07394957983193276
0.9030812324929973
0.2795518207282913
0.06722689075630252

0
0.9030812324929973
0.2795518207282913
0.06722689075630252
0.8896358543417366
0.2464985994397759
0.06050420168067226

0
0.8896358543417366
0.2464985994397759
0.06050420168067226
0.8761904761904763
0.2134453781512605
0.05378151260504202

0
0.8761904761904763
0.2134453781512605
0.05378151260504202
0.8627450980392157
0.1803921568627451
0.04705882352941176

0
0.3333333333333333
0.05882352941176471
0.4509803921568628
0.3333333333333333
0.05882352941176471
0.4509803921568628

0
0.3333333333333333
0.05882352941176471
0.4509803921568628
0.3333333333333333
0.05882352941176471
0.4509803921568628

0
0.3333333333333333
0.05882352941176471
0.4509803921568628
0.3333333333333333
0.05882352941176471
0.4509803921568628

0
0.3333333333333333
0.05882352941176471
0.4509803921568628
0.3333333333333333
0.05882352941176471
0.4509803921568628

0
0.3333333333333333
0.05882352941176471
0.4509803921568628
0.3333333333333333
0.05882352941176471
0.4509803921568628

0
0.8627450980392157
0.2941176470588235
0.03137254901960784
0.834733893557423
0.2521008403361345
0.02689075630252101

0
0.834733893557423
0.2521008403361345
0.02689075630252101
0.8067226890756303
0.2100840336134454
0.02240896358543417

0
0.8067226890756303
0.2100840336134454
0.02240896358543417
0.7787114845938375
0.1680672268907563
0.01792717086834734

0
0.7787114845938375
0.1680672268907563
0.01792717086834734
0.7507002801120448
0.1260504201680673
0.01344537815126051

0
0.7507002801120448
0.1260504201680673
0.01344537815126051
0.7226890756302521
0.08403361344537814
0.008963585434173669

0
0.7226890756302521
0.08403361344537814
0.008963585434173669
0.6946778711484594
0.04201680672268909
0.004481792717086836

0
0.6946778711484594
0.04201680672268909
0.004481792717086836
0.6666666666666666
0
0

0
0.9568627450980393
0.4117647058823529
0.09411764705882353
0.9568627450980393
0.4117647058823529
0.09411764705882353

0
0.9568627450980393
0.4117647058823529
0.09411764705882353
0.9568627450980393
0.4117647058823529
0.09411764705882353

0
0.9568627450980393
0.4117647058823529
0.09411764705882353
0.9568627450980393
0.4117647058823529
0.09411764705882353

0
0.9568627450980393
0.4117647058823529
0.09411764705882353
0.9568627450980393
0.4117647058823529
0.09411764705882353

0
0.9568627450980393
0.4117647058823529
0.09411764705882353
0.884313725490196
0.3088235294117647
0.07058823529411765

0
0.884313725490196
0.3088235294117647
0.07058823529411765
0.8117647058823529
0.2058823529411765
0.04705882352941176

0
0.8117647058823529
0.2058823529411765
0.04705882352941176
0.7392156862745098
0.1029411764705882
0.02352941176470588

0
0.7392156862745098
0.1029411764705882
0.02352941176470588
0.6666666666666666
0
0

0
0.3333333333333333
0.05882352941176471
0.4509803921568628
0.5
0.196078431372549
0.7254901960784313

0
0.5
0.196078431372549
0.7254901960784313
0.6666666666666666
0.3333333333333333
1

0
0.6666666666666666
0.3333333333333333
1
0.6599999999999999
0.3313725490196078
0.9670588235294117

0
0.6599999999999999
0.3313725490196078
0.9670588235294117
0.6533333333333333
0.3294117647058823
0.9341176470588236

0
0.6533333333333333
0.3294117647058823
0.9341176470588236
0.6466666666666666
0.3274509803921568
0.9011764705882352

0
0.6466666666666666
0.3274509803921568
0.9011764705882352
0.6399999999999999
0.3254901960784313
0.868235294117647

0
0.6399999999999999
0.3254901960784313
0.868235294117647
0.6333333333333333
0.3235294117647058
0.8352941176470587

0
0.6333333333333333
0.3235294117647058
0.8352941176470587
0.6266666666666667
0.3215686274509804
0.8023529411764705

0
0.6266666666666667
0.3215686274509804
0.8023529411764705
0.62
0.3196078431372549
0.7694117647058824

0
0.62
0.3196078431372549
0.7694117647058824
0.6133333333333333
0.3176470588235294
0.7364705882352941

0
0.6133333333333333
0.3176470588235294
0.7364705882352941
0.6066666666666667
0.3156862745098039
0.7035294117647058

0
0.6066666666666667
0.3156862745098039
0.7035294117647058
0.6
0.3137254901960784
0.6705882352941176

0
0
0
0
0.08300653594771241
0.01568627450980392
0.1117647058823529

0
0.08300653594771241
0.01568627450980392
0.1117647058823529
0.1660130718954248
0.03137254901960784
0.2235294117647059

0
0.1660130718954248
0.03137254901960784
0.2235294117647059
0.2490196078431373
0.04705882352941176
0.3352941176470588

0
0.2490196078431373
0.04705882352941176
0.3352941176470588
0.3320261437908497
0.06274509803921569
0.4470588235294117

0
0.3320261437908497
0.06274509803921569
0.4470588235294117
0.4150326797385621
0.07843137254901961
0.5588235294117647

0
0.4150326797385621
0.07843137254901961
0.5588235294117647
0.4980392156862745
0.09411764705882353
0.6705882352941176

0
0.4980392156862745
0.09411764705882353
0.6705882352941176
0.4980392156862745
0.09411764705882354
0.6705882352941177

0
0.4980392156862745
0.09411764705882354
0.6705882352941177
0.4980392156862745
0.09411764705882353
0.6705882352941176

0
0.4980392156862745
0.09411764705882353
0.6705882352941176
0.4980392156862745
0.09411764705882353
0.6705882352941176

0
0.4980392156862745
0.09411764705882353
0.6705882352941176
0.4980392156862745
0.09411764705882353
0.6705882352941176

0
0.4980392156862745
0.09411764705882353
0.6705882352941176
0.4980392156862745
0.09411764705882353
0.6705882352941176

0
0.4980392156862745
0.09411764705882353
0.6705882352941176
0.4980392156862745
0.09411764705882354
0.6705882352941177

0
0.4980392156862745
0.09411764705882354
0.6705882352941177
0.4980392156862745
0.09411764705882353
0.6705882352941176

0
0.4980392156862745
0.09411764705882353
0.6705882352941176
0.4980392156862745
0.09411764705882353
0.6705882352941176

0
0.4980392156862745
0.09411764705882353
0.6705882352941176
0.4980392156862745
0.09411764705882353
0.6705882352941176

0
0.4980392156862745
0.09411764705882353
0.6705882352941176
0.4980392156862745
0.09411764705882353
0.6705882352941176

0
0.4980392156862745
0.09411764705882353
0.6705882352941176
0.5320261437908497
0.1673202614379085
0.6705882352941177

0
0.5320261437908497
0.1673202614379085
0.6705882352941177
0.5660130718954248
0.2405228758169934
0.6705882352941176

0
0.5660130718954248
0.2405228758169934
0.6705882352941176
0.6
0.3137254901960784
0.6705882352941176

0
0
0
0
0.4313725490196079
0.4313725490196079
0.4313725490196079

0
0.4313725490196079
0.4313725490196079
0.4313725490196079
0.8627450980392157
0.8627450980392157
0.8627450980392157

0
0.3333333333333333
0.05882352941176471
0.4509803921568628
0.4156862745098039
0.07647058823529412
0.5607843137254902

0
0.4156862745098039
0.07647058823529412
0.5607843137254902
0.4980392156862745
0.09411764705882353
0.6705882352941176

0
0.3333333333333333
0.05882352941176471
0.4509803921568628
0.4156862745098039
0.07647058823529412
0.5607843137254902

0
0.4156862745098039
0.07647058823529412
0.5607843137254902
0.4980392156862745
0.09411764705882353
0.6705882352941176

0
0.4980392156862745
0.09411764705882353
0.6705882352941176
0.4980392156862745
0.09411764705882353
0.6705882352941176

0
0.3333333333333333
0.3333333333333333
1
0.3333333333333333
0.1666666666666667
1

0
0.3333333333333333
0.1666666666666667
1
0.3333333333333333
0
1

0
0.8901960784313725
0.3333333333333333
0.05098039215686274
0.8810457516339869
0.3202614379084968
0.04444444444444445

0
0.8810457516339869
0.3202614379084968
0.04444444444444445
0.8718954248366013
0.3071895424836601
0.03790849673202615

0
0.8718954248366013
0.3071895424836601
0.03790849673202615
0.8627450980392157
0.2941176470588235
0.03137254901960784

0
1
1
1
0.9730392156862745
0.8529411764705882
0.375

1
0.9730392156862745
0.8529411764705882
0.375
0.9568627450980393
0.7647058823529411
0
0.9701357466063347
0.83710407239819
0.3076923076923077
0.6000000000000001
1
0.9701357466063347
0.83710407239819
0.3076923076923077
1
1
1
0.9986084756483239
0.9924098671726755
0.967741935483871
0.8999999999999999
0
0.9986084756483239
0.9924098671726755
0.967741935483871
0.9846932321315622
0.9165085388994307
0.6451612903225806

0
0.9846932321315622
0.9165085388994307
0.6451612903225806
0.9707779886148008
0.8406072106261859
0.3225806451612903

0
0.9707779886148008
0.8406072106261859
0.3225806451612903
0.9568627450980393
0.7647058823529411
0

0
0.4
0.4
1
0.4533333333333334
0.4533333333333334
1

0
0.4533333333333334
0.4533333333333334
1
0.5066666666666666
0.5066666666666666
1

0
0.5066666666666666
0.5066666666666666
1
0.5600000000000001
0.5600000000000001
1

0
0.5600000000000001
0.5600000000000001
1
0.6133333333333333
0.6133333333333333
1

0
0.6133333333333333
0.6133333333333333
1
0.6666666666666666
0.6666666666666666
1

0
0.3333333333333333
0.1490196078431373
0.6313725490196078
0.3333333333333333
0.103921568627451
0.5411764705882353

0
0.3333333333333333
0.103921568627451
0.5411764705882353
0.3333333333333333
0.05882352941176471
0.4509803921568628

0
0.9568627450980393
0.7647058823529411
0
0.9568627450980394
0.7647058823529412
0

0
0.9568627450980394
0.7647058823529412
0
0.9568627450980393
0.7647058823529411
0

0
0.9568627450980393
0.7647058823529411
0
0.9568627450980393
0.7647058823529411
0

0
0.9568627450980393
0.7647058823529411
0
0.9568627450980394
0.7647058823529411
0

0
0.9568627450980394
0.7647058823529411
0
0.9568627450980393
0.7647058823529411
0

0
0
0
0
0
0
0

0
0
0
0
0
0
0

0
0
0
0
0
0
0

0
0
0
0
0
0
0

0
0
0
0
0
0
0

0
0
0
0
0
0
0

0
0
0
0
0
0
0

0
0
0
0
0
0
0

0
0
0
0
0
0
0

0
0
0
0
0
0
0

0
0
0
0
0
0
0

0
0
0
0
0
0
0

0
0
0
0
0
0
0

0
0.3333333333333333
0.3333333333333333
0.4980392156862745
0.3333333333333333
0.3333333333333333
0.4980392156862745

0
0.3333333333333333
0.3333333333333333
0.4980392156862745
0.3333333333333333
0.3333333333333333
0.4980392156862745

0
0.3333333333333333
0.1215686274509804
1
0.3333333333333333
0.1843137254901961
1

0
0.3333333333333333
0.1843137254901961
1
0.3333333333333333
0.2470588235294118
1

0
0.6
0.3137254901960784
0.6705882352941176
0.5111111111111111
0.2287581699346405
0.5973856209150327

0
0.5111111111111111
0.2287581699346405
0.5973856209150327
0.4222222222222222
0.1437908496732026
0.5241830065359477

0
0.4222222222222222
0.1437908496732026
0.5241830065359477
0.3333333333333333
0.05882352941176471
0.4509803921568628

0
0.3333333333333333
0.05882352941176471
0.4509803921568628
0.3882352941176471
0.07058823529411765
0.5241830065359477

0
0.3882352941176471
0.07058823529411765
0.5241830065359477
0.4431372549019608
0.08235294117647059
0.5973856209150327

0
0.4431372549019608
0.08235294117647059
0.5973856209150327
0.4980392156862745
0.09411764705882353
0.6705882352941176

0
0
0
0
0
0
0

0
0
0
0
0
0
0

0
0.3333333333333333
0.2313725490196079
0.8
0.3333333333333333
0.1882352941176471
0.7127450980392158

0
0.3333333333333333
0.1882352941176471
0.7127450980392158
0.3333333333333333
0.1450980392156863
0.6254901960784314

0
0.3333333333333333
0.1450980392156863
0.6254901960784314
0.3333333333333333
0.1019607843137255
0.5382352941176471

0
0.3333333333333333
0.1019607843137255
0.5382352941176471
0.3333333333333333
0.05882352941176471
0.4509803921568628

